Date,Open,High,Low,Close,Volume,Dividends,Stock Splits
2010-01-04 00:00:00-05:00,29.90840513060429,30.98611398327496,29.90030342775202,30.864566802978516,712900,0.0,0.0
2010-01-05 00:00:00-05:00,31.358854603705357,31.358854603705357,30.467515814073302,30.807846069335938,398900,0.0,0.0
2010-01-06 00:00:00-05:00,30.75922611945981,31.180585762461433,30.702504926274322,30.864566802978516,717200,0.0,0.0
2010-01-07 00:00:00-05:00,30.815957550886264,30.929399974947156,30.629587412632763,30.645793914794922,603700,0.0,0.0
2010-01-08 00:00:00-05:00,30.51614264202552,31.253521432794624,30.51614264202552,31.107666015625,759000,0.0,0.0
2010-01-11 00:00:00-05:00,31.310234922745373,31.431782104117662,30.678196998185197,30.969907760620117,763000,0.0,0.0
2010-01-12 00:00:00-05:00,30.702503381612285,30.824050555793615,30.305455049289616,30.540441513061523,323400,0.0,0.0
2010-01-13 00:00:00-05:00,30.71060947673656,30.880773054944026,30.37838402310967,30.848360061645508,330500,0.0,0.0
2010-01-14 00:00:00-05:00,30.799761081453983,31.026649094556614,30.556669651985313,30.72683334350586,221100,0.0,0.0
2010-01-15 00:00:00-05:00,31.43989153126093,31.512819239786694,30.499936116414407,30.702512741088867,450400,0.0,0.0
2010-01-19 00:00:00-05:00,30.76732909437612,31.091449737548825,30.70250311109777,31.091449737548828,474100,0.0,0.0
2010-01-20 00:00:00-05:00,30.718720673472017,30.85647439202839,30.45942282909145,30.759235382080078,360900,0.0,0.0
2010-01-21 00:00:00-05:00,30.702521218218923,31.026645143619994,30.078584671020504,30.078584671020508,624700,0.0,0.0
2010-01-22 00:00:00-05:00,29.981330338935162,30.21631988615189,29.14671591594058,29.24395179748535,607800,0.0,0.0
2010-01-25 00:00:00-05:00,29.681516359023963,30.06235816323578,29.49514630779844,29.576175689697266,831500,0.0,0.0
2010-01-26 00:00:00-05:00,30.0704649270867,31.423674858146665,30.04615672913829,30.281143188476562,1156200,0.0,0.0
2010-01-27 00:00:00-05:00,30.192027407877145,30.48373832532787,29.61671037127981,29.86790657043457,669000,0.0,0.0
2010-01-28 00:00:00-05:00,29.940815273854913,30.013742956875575,29.17912545317849,29.527557373046875,545300,0.0,0.0
2010-01-29 00:00:00-05:00,29.62479097978853,29.875983882759634,28.944133758544922,28.944133758544922,852200,0.0,0.0
2010-02-01 00:00:00-05:00,29.130522003144645,29.454642778652286,29.008974780407854,29.373613357543945,1012700,0.0,0.0
2010-02-02 00:00:00-05:00,29.478954534402053,30.07857967846879,29.16293545968116,29.900314331054688,951800,0.0,0.0
2010-02-03 00:00:00-05:00,29.80307029716331,30.2244300228741,29.61670018424631,29.68152618408203,704100,0.0,0.0
2010-02-04 00:00:00-05:00,29.34930614725271,29.55998450394167,28.67675018310547,28.67675018310547,486000,0.0,0.0
2010-02-05 00:00:00-05:00,28.749663719804634,28.911725578665955,27.947462309604024,28.490365982055664,759400,0.0,0.0
2010-02-08 00:00:00-05:00,28.5227824801283,28.60381187398853,28.004186940847042,28.247278213500977,682600,0.0,0.0
2010-02-09 00:00:00-05:00,28.830699372433546,28.887420565625778,28.303999045850613,28.620018005371094,440500,0.0,0.0
2010-02-10 00:00:00-05:00,28.44986651061241,28.790193814328628,28.028506688577203,28.668649673461914,417500,0.0,0.0
2010-02-11 00:00:00-05:00,28.60381657302155,29.138618697146757,28.328312261134396,29.065690994262695,407100,0.0,0.0
2010-02-12 00:00:00-05:00,28.692955237101295,29.69773673406531,28.6200275228775,29.65721893310547,788700,0.0,0.0
2010-02-16 00:00:00-05:00,29.916522375086675,30.556665420532227,29.794978222721255,30.556665420532227,633600,0.0,0.0
2010-02-17 00:00:00-05:00,30.69440648931569,30.824055386259083,30.40269569842467,30.60527229309082,946500,0.0,0.0
2010-02-18 00:00:00-05:00,30.605284196199104,30.880788595738093,30.59717939825914,30.68631362915039,708300,0.0,0.0
2010-02-19 00:00:00-05:00,30.661979358204338,31.026617678732517,30.548537012056038,30.896968841552734,462500,0.0,0.0
2010-02-22 00:00:00-05:00,31.067138833599092,31.067138833599092,30.64577925220669,30.90507698059082,285400,0.0,0.0
2010-02-23 00:00:00-05:00,30.72682579439208,30.95371375175179,29.770666818872385,29.9570369720459,710900,0.0,0.0
2010-02-24 00:00:00-05:00,30.013752687865292,30.273050513547048,29.705835360715493,29.884103775024414,734400,0.0,0.0
2010-02-25 00:00:00-05:00,29.51947183006495,30.046172394762873,29.260173946511244,29.908418655395508,648700,0.0,0.0
2010-02-26 00:00:00-05:00,30.021845011912017,30.41079162890393,29.713927780974398,30.378381729125977,632600,0.0,0.0
2010-03-01 00:00:00-05:00,30.435121677632978,31.974702599165052,30.435121677632978,31.95849609375,1212000,0.0,0.0
2010-03-02 00:00:00-05:00,32.29881577432068,33.10912222890545,32.29071097877349,32.67966079711914,1359800,0.0,0.0
2010-03-03 00:00:00-05:00,32.647249219996745,32.922753550206274,32.48518730380162,32.695865631103516,597800,0.0,0.0
2010-03-04 00:00:00-05:00,32.671555518587695,33.01188583184057,32.47708370336357,32.647247314453125,338200,0.0,0.0
2010-03-05 00:00:00-05:00,32.83360859473817,33.579088837723674,32.68775322701094,33.36030578613281,565400,0.0,0.0
2010-03-08 00:00:00-05:00,33.287389770883955,33.84650009719542,33.287389770883955,33.425140380859375,466500,0.0,0.0
2010-03-09 00:00:00-05:00,33.22256851196289,33.45755815305165,32.89844465590431,33.22256851196289,360000,0.0,0.0
2010-03-10 00:00:00-05:00,33.149640802878935,33.619620085112814,32.979477169411155,33.48997116088867,358300,0.0,0.0
2010-03-11 00:00:00-05:00,33.26231210023508,33.66071319580078,32.896434176058484,33.66071319580078,359300,0.14,0.0
2010-03-12 00:00:00-05:00,33.87210218804909,34.221718470601985,33.87210218804909,34.09975814819336,863300,0.0,0.0
2010-03-15 00:00:00-04:00,34.02657659541712,34.49002077659897,33.94527179581933,34.31114959716797,760200,0.0,0.0
2010-03-16 00:00:00-04:00,34.48189884931756,34.733948744045925,34.39246168984685,34.63637924194336,924800,0.0,0.0
2010-03-17 00:00:00-04:00,34.782724014058765,34.96159830019306,34.693286870991614,34.82337951660156,485600,0.0,0.0
2010-03-18 00:00:00-04:00,34.71770716370197,34.961624856336805,34.52257114864505,34.839664459228516,331500,0.0,0.0
2010-03-19 00:00:00-04:00,34.34368133544922,35.05104319367716,34.28676423961978,34.34368133544922,646200,0.0,0.0
2010-03-22 00:00:00-04:00,34.124143306324356,35.1242071477636,33.98592143633506,35.00224685668945,431000,0.0,0.0
2010-03-23 00:00:00-04:00,35.09982024832241,35.27056531028985,34.68516075858357,35.12421417236328,420400,0.0,0.0
2010-03-24 00:00:00-04:00,34.99411837148464,35.059161586966674,34.473760241311936,34.563194274902344,428700,0.0,0.0
2010-03-25 00:00:00-04:00,34.904691804832886,35.07543378644735,33.98593245842452,34.01032638549805,455100,0.0,0.0
2010-03-26 00:00:00-04:00,34.04285475203116,34.34368948050192,33.34362196932952,33.71763229370117,869000,0.0,0.0
2010-03-29 00:00:00-04:00,33.912762914544196,34.63638648102067,33.912762914544196,34.270511627197266,745500,0.0,0.0
2010-03-30 00:00:00-04:00,34.38434633766404,34.67704875904313,34.09977316062051,34.5794792175293,427900,0.0,0.0
2010-03-31 00:00:00-04:00,34.473766871114165,35.612049724380384,34.45750528872154,34.660770416259766,993700,0.0,0.0
2010-04-01 00:00:00-04:00,35.09170344218495,35.31935947003475,34.522560270979696,34.85591506958008,571400,0.0,0.0
2010-04-05 00:00:00-04:00,34.904690320323695,35.1567402121634,34.78272999488321,35.09169387817383,467300,0.0,0.0
2010-04-06 00:00:00-04:00,34.96974588493117,35.5063659232663,34.782742261133585,35.46571350097656,638000,0.0,0.0
2010-04-07 00:00:00-04:00,35.490103741485136,35.81532618753194,35.262444617513616,35.45758056640625,540300,0.0,0.0
2010-04-08 00:00:00-04:00,35.26243452317982,35.530745988401925,34.88029818092684,35.51448440551758,311600,0.0,0.0
2010-04-09 00:00:00-04:00,35.57952100354076,36.02670669555664,35.31934192904746,36.02670669555664,333100,0.0,0.0
2010-04-12 00:00:00-04:00,36.075499114241936,36.18119786408507,35.21365683552446,35.37626647949219,454300,0.0,0.0
2010-04-13 00:00:00-04:00,35.26243537906977,35.27056772149923,34.90468985167022,35.07543182373047,614200,0.0,0.0
2010-04-14 00:00:00-04:00,35.31935319194399,36.27063575644526,35.238048368329956,36.19746017456055,674800,0.0,0.0
2010-04-15 00:00:00-04:00,36.0917532241057,36.38445548515521,35.92101127235333,36.1893196105957,487600,0.0,0.0
2010-04-16 00:00:00-04:00,36.09176502204802,36.4739045546214,35.628320657752035,35.69336700439453,657600,0.0,0.0
2010-04-19 00:00:00-04:00,35.47382901358082,35.660832548642745,34.86403366384774,35.55513381958008,451100,0.0,0.0
2010-04-20 00:00:00-04:00,35.88849018600412,36.00231816042459,35.57139708538147,35.93727493286133,368300,0.0,0.0
2010-04-21 00:00:00-04:00,36.059239954964674,36.09989547027135,35.56327554497506,35.628318786621094,778700,0.0,0.0
2010-04-22 00:00:00-04:00,35.360011988870944,35.888499594598066,35.31122722922423,35.709625244140625,1313800,0.0,0.0
2010-04-23 00:00:00-04:00,35.86409290537237,36.40071261785464,35.278688454817484,36.311275482177734,1208000,0.0,0.0
2010-04-26 00:00:00-04:00,36.22185624038993,36.84791339782638,36.124289817625225,36.4169921875,721200,0.0,0.0
2010-04-27 00:00:00-04:00,36.335685233245826,37.02678875893678,35.77467441020039,35.97793960571289,1851700,0.0,0.0
2010-04-28 00:00:00-04:00,36.36008303716336,37.14874997064901,35.86411541105259,36.782875061035156,1314600,0.0,0.0
2010-04-29 00:00:00-04:00,37.22190759671713,38.010577250899004,37.075556462918854,37.7991828918457,867100,0.0,0.0
2010-04-30 00:00:00-04:00,37.86422105277232,38.18944644028738,37.05116068556385,37.12433624267578,891400,0.0,0.0
2010-05-03 00:00:00-04:00,37.40079116821289,37.67723192264985,37.05117482873143,37.40079116821289,1112800,0.0,0.0
2010-05-04 00:00:00-04:00,36.85603472822527,36.95360112183315,35.766533511268065,36.1242790222168,1219500,0.0,0.0
2010-05-05 00:00:00-04:00,35.75840293691206,35.823449270252674,34.937213138756086,35.06730270385742,1010400,0.0,0.0
2010-05-06 00:00:00-04:00,34.83152308322829,35.41692782294696,31.286577673297522,33.16474914550781,2202500,0.0,0.0
2010-05-07 00:00:00-04:00,32.87205319365529,32.87205319365529,31.14836491432359,31.896379470825195,2738400,0.0,0.0
2010-05-10 00:00:00-04:00,33.43305511986277,35.47383921401061,33.43305511986277,34.677040100097656,1386500,0.0,0.0
2010-05-11 00:00:00-04:00,34.21359152071757,34.977867367790424,33.83145204639112,34.35993957519531,1140300,0.0,0.0
2010-05-12 00:00:00-04:00,34.53069301823553,35.38440623420419,34.53069301823553,35.343753814697266,797600,0.0,0.0
2010-05-13 00:00:00-04:00,35.06731355835365,35.50636403798393,34.89656843127321,35.059181213378906,517400,0.0,0.0
2010-05-14 00:00:00-04:00,34.71769133950048,34.74208216717219,33.8314550823246,34.140419006347656,969200,0.0,0.0
2010-05-17 00:00:00-04:00,34.26236648183935,34.46563159205584,32.82324912931704,33.912750244140625,1014400,0.0,0.0
2010-05-18 00:00:00-04:00,34.465637088066835,34.668902230696695,33.89649406838723,34.12415313720703,1732600,0.0,0.0
2010-05-19 00:00:00-04:00,34.01847322838262,34.23800007615,33.25419698553375,33.798946380615234,1703000,0.0,0.0
2010-05-20 00:00:00-04:00,32.530561613742215,33.46558278502198,32.22972998275916,32.4573860168457,2919400,0.0,0.0
2010-05-21 00:00:00-04:00,31.782534603525217,33.23791362158652,31.530484735648464,33.18912887573242,1308300,0.0,0.0
2010-05-24 00:00:00-04:00,32.94520938334618,33.60378945596209,32.888295400703015,32.953338623046875,866400,0.0,0.0
2010-05-25 00:00:00-04:00,31.85571406072711,32.969606196962175,31.067044298486373,32.872039794921875,1825600,0.0,0.0
2010-05-26 00:00:00-04:00,33.13221581725308,34.319283418719095,33.09969265243984,33.701358795166016,1408900,0.0,0.0
2010-05-27 00:00:00-04:00,34.53881089339508,35.181129455566406,34.09975746343647,35.181129455566406,616600,0.0,0.0
2010-05-28 00:00:00-04:00,35.17298938001364,35.53886715786803,34.79898236335318,35.010379791259766,1083900,0.0,0.0
2010-06-01 00:00:00-04:00,34.75834258386686,35.034783327310535,33.774539947509766,33.774539947509766,650900,0.0,0.0
2010-06-02 00:00:00-04:00,34.47378947106712,34.839664459228516,33.579420462630395,34.839664459228516,603400,0.0,0.0
2010-06-03 00:00:00-04:00,34.95347583088597,35.07543305739853,34.49002844508234,34.961605072021484,606900,0.0,0.0
2010-06-04 00:00:00-04:00,32.994011722555726,34.717699905262585,32.67691537668595,33.37614822387695,1510700,0.0,0.0
2010-06-07 00:00:00-04:00,33.40865221744413,33.58752649932755,32.302889568672626,32.416717529296875,1504500,0.0,0.0
2010-06-08 00:00:00-04:00,32.229723204451446,32.668776693492156,31.44105339283168,31.977676391601562,2074300,0.0,0.0
2010-06-09 00:00:00-04:00,32.31915554293768,33.29482878341778,32.12401965420977,32.42485427856445,1193600,0.0,0.0
2010-06-10 00:00:00-04:00,33.22165661102166,34.17293602422799,33.19726578552818,34.01032638549805,1064800,0.0,0.0
2010-06-11 00:00:00-04:00,33.54532513013271,34.475326374472644,33.54532513013271,34.40190505981445,620500,0.14,0.0
2010-06-14 00:00:00-04:00,34.74454479536422,35.185072758075144,34.1653338325385,34.295860290527344,872800,0.0,0.0
2010-06-15 00:00:00-04:00,34.54875851083476,35.26665568880439,34.51612922565175,35.25849914550781,631800,0.0,0.0
2010-06-16 00:00:00-04:00,34.93217702463009,35.33191606004716,34.82612330307107,34.96480941772461,563200,0.0,0.0
2010-06-17 00:00:00-04:00,35.25032909798821,35.28296148554746,34.418221887201696,34.70375061035156,918200,0.0,0.0
2010-06-18 00:00:00-04:00,34.720074011122755,35.03007242129609,34.49981001737028,34.85875701904297,899200,0.0,0.0
2010-06-21 00:00:00-04:00,35.40532909036522,35.976380275697274,34.76901002214505,35.05453872680664,648400,0.0,0.0
2010-06-22 00:00:00-04:00,35.03006272137844,35.11980022494716,33.94506236221844,33.9858512878418,961600,0.0,0.0
2010-06-23 00:00:00-04:00,33.98585388361919,34.16532890446461,33.25164071833866,33.78190612792969,946500,0.0,0.0
2010-06-24 00:00:00-04:00,33.537156176070525,33.81452513855983,32.9334696887722,33.05583953857422,677100,0.0,0.0
2010-06-25 00:00:00-04:00,33.15373902059585,33.871635826410504,32.86005382221735,33.09663391113281,2780000,0.0,0.0
2010-06-28 00:00:00-04:00,33.36585286438101,34.10006289101305,33.121113076841326,33.57795715332031,1281300,0.0,0.0
2010-06-29 00:00:00-04:00,32.87637038933499,33.08031810032589,32.43584258671581,32.63163375854492,1317800,0.0,0.0
2010-06-30 00:00:00-04:00,32.63979433931715,33.52900659382368,32.30532017635573,32.395057678222656,735600,0.0,0.0
2010-07-01 00:00:00-04:00,32.32980184112853,32.65611641066842,31.383484299069565,32.28901290893555,820400,0.0,0.0
2010-07-02 00:00:00-04:00,32.56637123816392,32.59900362104672,31.685318684295385,31.97900390625,580000,0.0,0.0
2010-07-06 00:00:00-04:00,32.59900930694628,32.909010774412565,31.60374635139008,31.897428512573242,753000,0.0,0.0
2010-07-07 00:00:00-04:00,32.01979304776772,33.341373443603516,32.01979304776772,33.341373443603516,1024200,0.0,0.0
2010-07-08 00:00:00-04:00,33.684017498056136,34.042964485524294,33.39033218467478,33.82270050048828,488100,0.0,0.0
2010-07-09 00:00:00-04:00,33.855329967189746,34.124542518518254,33.60243361097169,33.87980270385742,736400,0.0,0.0
2010-07-12 00:00:00-04:00,33.66769693404155,33.79822337727909,32.93348374583293,33.235328674316406,801600,0.0,0.0
2010-07-13 00:00:00-04:00,33.69216489230424,34.614009517455095,33.49637681120743,34.467166900634766,491400,0.0,0.0
2010-07-14 00:00:00-04:00,34.246891346668704,34.25505099594108,33.75741819813476,34.09189224243164,1054200,0.0,0.0
2010-07-15 00:00:00-04:00,34.0184834588531,34.40190309169214,33.39848059009951,34.214271545410156,666400,0.0,0.0
2010-07-16 00:00:00-04:00,33.993998072818776,33.993998072818776,32.721366531405394,32.884525299072266,737400,0.0,0.0
2010-07-19 00:00:00-04:00,33.09663733637165,33.267952682490524,32.50926687882648,33.259796142578125,438500,0.0,0.0
2010-07-20 00:00:00-04:00,32.68874422659872,34.01848439157267,32.50926921567096,33.97769546508789,599600,0.0,0.0
2010-07-21 00:00:00-04:00,34.37742600011381,34.76084869633373,33.561635148238324,33.692161560058594,715300,0.0,0.0
2010-07-22 00:00:00-04:00,34.42639328456523,35.340078663955545,34.32033954481556,35.29113006591797,1048800,0.0,0.0
2010-07-23 00:00:00-04:00,35.23400919523698,36.172170010836,35.17690407901743,36.074275970458984,566500,0.0,0.0
2010-07-26 00:00:00-04:00,36.30268864078416,37.4855858593435,36.04163584783249,36.91453170776367,1141500,0.0,0.0
2010-07-27 00:00:00-04:00,37.314290109115035,37.779290834831905,35.18507462188705,36.30270767211914,1567000,0.0,0.0
2010-07-28 00:00:00-04:00,36.34348828832858,36.34348828832858,35.04638047881941,35.32374954223633,1588900,0.0,0.0
2010-07-29 00:00:00-04:00,35.78873874391961,35.9355813254698,34.96479146921663,35.40531921386719,874100,0.0,0.0
2010-07-30 00:00:00-04:00,34.866910655477646,35.870333268047155,34.8587510023046,35.58480453491211,728500,0.0,0.0
2010-08-02 00:00:00-04:00,36.27006562628815,36.74322588064964,36.09875027018991,36.42506790161133,470200,0.0,0.0
2010-08-03 00:00:00-04:00,36.17217091370096,36.41690757674991,35.690854127839984,36.13138198852539,567500,0.0,0.0
2010-08-04 00:00:00-04:00,36.21295667830045,37.02874755859375,36.04164134031771,37.02874755859375,616600,0.0,0.0
2010-08-05 00:00:00-04:00,36.77585184639591,37.183747258470426,36.710587086706376,36.930850982666016,356800,0.0,0.0
2010-08-06 00:00:00-04:00,36.49033625490402,37.22454950429692,36.35165325890544,37.045074462890625,740800,0.0,0.0
2010-08-09 00:00:00-04:00,37.257171235023165,37.485594817439335,36.97164564699734,37.42033004760742,452300,0.0,0.0
2010-08-10 00:00:00-04:00,36.800313278494095,36.9634720156372,36.24557543940397,36.70241928100586,694700,0.0,0.0
2010-08-11 00:00:00-04:00,35.72347380319868,35.83768399785516,35.06268224726482,35.30741882324219,577500,0.0,0.0
2010-08-12 00:00:00-04:00,34.540588038458395,34.92401077070623,34.19795423023799,34.39374542236328,1178700,0.0,0.0
2010-08-13 00:00:00-04:00,34.051113142834275,34.58953500614908,33.97769183820065,34.04295349121094,1103400,0.0,0.0
2010-08-16 00:00:00-04:00,33.83084632852771,34.36110849475844,33.700319921702224,34.10821533203125,1067400,0.0,0.0
2010-08-17 00:00:00-04:00,34.50796525039029,35.43796666960989,34.499808708114806,34.96480941772461,864700,0.0,0.0
2010-08-18 00:00:00-04:00,34.964810302428845,35.16059844195732,34.687441178099874,35.021915435791016,684200,0.0,0.0
2010-08-19 00:00:00-04:00,34.720063263351015,34.81795730404971,33.8797964853679,34.15716552734375,476800,0.0,0.0
2010-08-20 00:00:00-04:00,33.912420702472005,34.03479055787164,33.21899982052664,33.63505172729492,1034000,0.0,0.0
2010-08-23 00:00:00-04:00,33.80636920517057,33.99400071336396,33.19452611288976,33.292423248291016,499400,0.0,0.0
2010-08-24 00:00:00-04:00,32.876365092629555,32.966102568927184,32.48478592405368,32.65610122680664,677800,0.0,0.0
2010-08-25 00:00:00-04:00,32.31348629524274,32.67243326254904,31.824009763102033,32.56637954711914,1039400,0.0,0.0
2010-08-26 00:00:00-04:00,32.72953258124995,33.031377478353974,32.33795329224544,32.37874221801758,891600,0.0,0.0
2010-08-27 00:00:00-04:00,32.77032477174717,33.16190721175841,31.611902982034504,33.15374755859375,1098700,0.0,0.0
2010-08-30 00:00:00-04:00,32.966104575143156,33.096630972611884,32.541893005371094,32.541893005371094,540000,0.0,0.0
2010-08-31 00:00:00-04:00,32.40320971477659,33.03136896821552,32.09320835718451,32.70505142211914,796500,0.0,0.0
2010-09-01 00:00:00-04:00,33.39848059009951,34.336641433504965,33.12111154081407,34.214271545410156,735100,0.0,0.0
2010-09-02 00:00:00-04:00,34.116378329917566,34.64664370853384,34.02664082473675,34.58137893676758,469500,0.0,0.0
2010-09-03 00:00:00-04:00,35.07900835129875,35.552168562353074,35.07900835129875,35.34006118774414,523100,0.0,0.0
2010-09-07 00:00:00-04:00,35.111630297335246,35.34005068333088,34.475311474642,34.54873275756836,568700,0.0,0.0
2010-09-08 00:00:00-04:00,34.66296080087921,34.95664294546079,34.5895394867349,34.638484954833984,456400,0.0,0.0
2010-09-09 00:00:00-04:00,35.11164368462071,35.11980022494716,33.96953509519334,33.9858512878418,722400,0.0,0.0
2010-09-10 00:00:00-04:00,34.03482192722393,34.140872580187796,33.43929451351333,33.48008346557617,926900,0.0,0.0
2010-09-13 00:00:00-04:00,33.946654485756476,34.59333299642022,33.86479427243662,34.48691940307617,874600,0.14,0.0
2010-09-14 00:00:00-04:00,34.372321318360015,34.91258628426858,34.19223195550778,34.642452239990234,710500,0.0,0.0
2010-09-15 00:00:00-04:00,34.64244201728089,35.48558174428864,34.54421290409727,35.403724670410156,715200,0.0,0.0
2010-09-16 00:00:00-04:00,35.46921413300616,35.51832713008188,35.21545219840812,35.321868896484375,859200,0.0,0.0
2010-09-17 00:00:00-04:00,35.4937826786565,35.690240978934845,35.19909210559061,35.510154724121094,823600,0.0,0.0
2010-09-20 00:00:00-04:00,35.71478084367497,36.21411702473996,35.18270058980158,36.165000915527344,636000,0.0,0.0
2010-09-21 00:00:00-04:00,36.14046864927731,36.29599841540782,35.780289852229544,35.98493576049805,496300,0.0,0.0
2010-09-22 00:00:00-04:00,35.91943233320363,36.18137871208001,35.65748595432726,35.714786529541016,488900,0.0,0.0
2010-09-23 00:00:00-04:00,35.29731305364768,36.23049756974547,35.16633984301374,35.43647384643555,678600,0.0,0.0
2010-09-24 00:00:00-04:00,36.017675192436705,36.4924551370264,35.92763050483188,36.4678955078125,853000,0.0,0.0
2010-09-27 00:00:00-04:00,36.42696560485538,37.02453118275657,36.42696560485538,36.705284118652344,533800,0.0,0.0
2010-09-28 00:00:00-04:00,36.721641558252884,37.1800461356133,36.27960589638649,37.10637664794922,616000,0.0,0.0
2010-09-29 00:00:00-04:00,36.877181780429844,37.93315512259336,36.84443769478573,37.761253356933594,1552800,0.0,0.0
2010-09-30 00:00:00-04:00,38.05593993981971,38.59620480638432,37.810362445578704,38.31788635253906,2219400,0.0,0.0
2010-10-01 00:00:00-04:00,38.6207446921261,38.759902297859426,38.06410802390038,38.68622970581055,1432400,0.0,0.0
2010-10-04 00:00:00-04:00,38.57984303899842,38.7190007416547,37.785816007505716,38.22785186767578,682000,0.0,0.0
2010-10-05 00:00:00-04:00,38.800851037467744,39.521202118566535,38.52253258074625,39.40660095214844,945700,0.0,0.0
2010-10-06 00:00:00-04:00,39.34928635480509,39.4393309885352,38.6862329704123,39.226497650146484,716100,0.0,0.0
2010-10-07 00:00:00-04:00,39.50484814082092,39.873211431775374,38.97277060735249,39.087371826171875,1300100,0.0,0.0
2010-10-08 00:00:00-04:00,39.16101966156499,39.36566545763867,39.02185889645843,39.1364631652832,958800,0.0,0.0
2010-10-11 00:00:00-04:00,39.16103168128173,39.783153718329274,39.16103168128173,39.32474899291992,694600,0.0,0.0
2010-10-12 00:00:00-04:00,39.17739168363738,39.44752251056558,38.751728053263925,39.30836486816406,408600,0.0,0.0
2010-10-13 00:00:00-04:00,39.57032191751672,40.05328625131052,39.5457654146172,39.96324157714844,684800,0.0,0.0
2010-10-14 00:00:00-04:00,39.89775213979369,39.98779368140335,39.45571640033884,39.7176628112793,291200,0.0,0.0
2010-10-15 00:00:00-04:00,40.04509172047956,40.33159773607067,39.24288049758965,39.6931037902832,279500,0.0,0.0
2010-10-18 00:00:00-04:00,39.83225633155583,40.02053008312234,39.398408257191576,39.60305404663086,686000,0.0,0.0
2010-10-19 00:00:00-04:00,38.989127498770046,39.45571977837086,38.48979113433637,38.75992202758789,568300,0.0,0.0
2010-10-20 00:00:00-04:00,38.80904171323543,39.88138716997607,38.759925581482705,39.58669662475586,565400,0.0,0.0
2010-10-21 00:00:00-04:00,39.84045285915418,40.39708982487843,39.349304064761206,39.84864044189453,620800,0.0,0.0
2010-10-22 00:00:00-04:00,40.626293292128686,41.87054038203957,39.9714272244513,40.126956939697266,1576600,0.0,0.0
2010-10-25 00:00:00-04:00,40.64266196803838,41.63314700853179,40.552617305693985,40.98646545410156,839800,0.0,0.0
2010-10-26 00:00:00-04:00,40.54444726411842,41.49400417505952,40.46259014801871,41.06834030151367,576200,0.0,0.0
2010-10-27 00:00:00-04:00,40.78183046962978,40.83913106587092,40.16789283334754,40.79820251464844,612000,0.0,0.0
2010-10-28 00:00:00-04:00,41.027392806108175,41.17473804519532,40.36434235286339,40.49531555175781,620400,0.0,0.0
2010-10-29 00:00:00-04:00,40.3315938292056,41.14198943225744,40.266105675649435,41.03557586669922,462700,0.0,0.0
2010-11-01 00:00:00-04:00,41.41212462632174,41.63314246724581,40.839115756072,41.08469009399414,372100,0.0,0.0
2010-11-02 00:00:00-04:00,41.6085904269431,41.87872129079703,41.43668556160247,41.5431022644043,477800,0.0,0.0
2010-11-03 00:00:00-04:00,41.5021844657,41.80505948921318,41.297538588771154,41.73957443237305,770300,0.0,0.0
2010-11-04 00:00:00-04:00,42.26346487973032,43.335807212962436,42.165232616303676,43.204833984375,1243700,0.0,0.0
2010-11-05 00:00:00-04:00,43.34400357542446,43.56502152892873,42.9019676684159,43.46678924560547,880200,0.0,0.0
2010-11-08 00:00:00-05:00,43.33579512427122,43.57318501069263,43.03292020314745,43.28668212890625,350300,0.0,0.0
2010-11-09 00:00:00-05:00,43.442220180834795,43.83513983262375,42.795538554440384,42.97562789916992,709600,0.0,0.0
2010-11-10 00:00:00-05:00,43.00019059500236,43.57319967405275,42.582714380673906,43.384925842285156,508800,0.0,0.0
2010-11-11 00:00:00-05:00,42.926509140883326,43.45040510047528,42.901952639978944,43.3521728515625,535600,0.0,0.0
2010-11-12 00:00:00-05:00,42.98380089917206,43.253934844245904,42.35349460596038,42.5335807800293,263900,0.0,0.0
2010-11-15 00:00:00-05:00,42.721863448531984,43.29487241184058,42.590890238859814,42.68093490600586,363100,0.0,0.0
2010-11-16 00:00:00-05:00,42.22252272306195,42.22252272306195,41.19110614804222,41.89508819580078,804200,0.0,0.0
2010-11-17 00:00:00-05:00,41.9360224707322,42.34531412450391,41.57584693956619,41.944210052490234,331800,0.0,0.0
2010-11-18 00:00:00-05:00,42.65636636969995,44.06433031841019,42.59087822201726,43.221187591552734,652500,0.0,0.0
2010-11-19 00:00:00-05:00,43.10660528167854,43.82695960755427,42.91014387547675,43.7778434753418,289000,0.0,0.0
2010-11-22 00:00:00-05:00,43.44222363238566,44.19532203346851,43.18027717704764,44.14620590209961,440800,0.0,0.0
2010-11-23 00:00:00-05:00,43.524081039781755,43.70417040010688,43.20483399022218,43.30306625366211,566000,0.0,0.0
2010-11-24 00:00:00-05:00,43.695983573587675,44.67009671343036,43.67961153056747,44.653724670410156,455400,0.0,0.0
2010-11-26 00:00:00-05:00,44.277161288002894,44.55547967498037,44.03158697541026,44.29353332519531,113100,0.0,0.0
2010-11-29 00:00:00-05:00,43.92518096467703,44.64553516288777,43.360359596250724,44.449073791503906,522700,0.0,0.0
2010-11-30 00:00:00-05:00,43.933376824240334,44.580058566320965,43.85970730383334,44.277183532714844,791900,0.0,0.0
2010-12-01 00:00:00-05:00,45.03844829927635,45.4231834047492,44.89928753069478,45.324951171875,692300,0.0,0.0
2010-12-02 00:00:00-05:00,45.32496208148024,45.37407820973947,44.49000663696047,45.02208709716797,957400,0.0,0.0
2010-12-03 00:00:00-05:00,44.88292998942435,45.38226324783796,44.59642392156798,45.21036148071289,709600,0.0,0.0
2010-12-06 00:00:00-05:00,45.193987519957126,45.53779416226585,44.98115721578337,45.316776275634766,296200,0.0,0.0
2010-12-07 00:00:00-05:00,44.9402286151771,45.947085793470755,44.9402286151771,45.488677978515625,437700,0.0,0.0
2010-12-08 00:00:00-05:00,45.59508319779724,45.62782727403558,44.27716379435036,44.54729461669922,1319600,0.0,0.0
2010-12-09 00:00:00-05:00,44.8747342196876,45.11212411534979,44.489999086900426,45.07938003540039,472400,0.0,0.0
2010-12-10 00:00:00-05:00,45.24309093448847,45.46410875901862,45.08756126062514,45.3413200378418,387800,0.0,0.0
2010-12-13 00:00:00-05:00,45.538283975074314,45.800894112649736,45.07050634129834,45.17719268798828,390900,0.14,0.0
2010-12-14 00:00:00-05:00,45.33313859712765,46.00607774784384,45.27568967057086,45.661399841308594,486500,0.0,0.0
2010-12-15 00:00:00-05:00,45.42338869814746,46.473832365075786,44.92279028229412,44.9802360534668,1106800,0.0,0.0
2010-12-16 00:00:00-05:00,45.02948374311445,45.98965480794803,44.60274139547291,45.513671875,939100,0.0,0.0
2010-12-17 00:00:00-05:00,45.628549758376245,46.30148856959861,45.20181066928458,46.20301055908203,1163300,0.0,0.0
2010-12-20 00:00:00-05:00,46.203006371648854,46.49844350698227,45.70240490684048,45.77626419067383,568500,0.0,0.0
2010-12-21 00:00:00-05:00,45.9322097653084,47.056509871528576,45.85014212180589,46.555908203125,463900,0.0,0.0
2010-12-22 00:00:00-05:00,46.687214490924944,46.711833219322294,45.84193808996977,46.088134765625,334400,0.0,0.0
2010-12-23 00:00:00-05:00,46.07991409301758,46.399969976952804,45.973227754852665,46.07991409301758,171500,0.0,0.0
2010-12-27 00:00:00-05:00,45.93220516247405,46.08812897366305,45.58752735542442,45.99785614013672,179500,0.0,0.0
2010-12-28 00:00:00-05:00,46.12094999124076,46.129155188414586,45.61214324134945,45.89937210083008,226600,0.0,0.0
2010-12-29 00:00:00-05:00,45.95682867352771,46.506667799631224,45.95682867352771,46.25226593017578,338700,0.0,0.0
2010-12-30 00:00:00-05:00,46.12096049445101,46.51487579025711,46.02248245313961,46.063514709472656,153900,0.0,0.0
2010-12-31 00:00:00-05:00,46.006050368466056,46.21941989367396,45.759850668648724,45.77626419067383,301100,0.0,0.0
2011-01-03 00:00:00-05:00,46.05529613852804,46.87595360494082,45.73524022751663,45.84192657470703,663800,0.0,0.0
2011-01-04 00:00:00-05:00,46.0224873824646,46.10455190392036,44.91459755944687,45.415199279785156,715400,0.0,0.0
2011-01-05 00:00:00-05:00,45.14439044770371,45.407003860160735,44.87357496411959,45.26749038696289,503800,0.0,0.0
2011-01-06 00:00:00-05:00,45.44801055047842,45.58752081459499,44.89816842996317,44.9802360534668,651800,0.0,0.0
2011-01-07 00:00:00-05:00,45.10333350334929,45.24284690022321,44.58632155465127,44.87355041503906,486900,0.0,0.0
2011-01-10 00:00:00-05:00,44.61094016582125,45.53007564733521,44.118543809947504,45.17719268798828,723100,0.0,0.0
2011-01-11 00:00:00-05:00,45.464425350856416,46.10453717934683,45.29208490194299,45.792686462402344,501800,0.0,0.0
2011-01-12 00:00:00-05:00,46.28509722840961,48.38597901384067,46.28509722840961,48.262882232666016,1443800,0.0,0.0
2011-01-13 00:00:00-05:00,48.64856940905485,48.64856940905485,47.83612034052977,47.9592170715332,737000,0.0,0.0
2011-01-14 00:00:00-05:00,47.9920492905946,49.682604834704556,47.77867972219231,49.12455749511719,1021700,0.0,0.0
2011-01-18 00:00:00-05:00,49.19841986926626,49.81391302076527,48.878363931376384,49.78108596801758,1094400,0.0,0.0
2011-01-19 00:00:00-05:00,48.27929135462814,48.45162871087328,46.720040557635585,46.98265075683594,1920000,0.0,0.0
2011-01-20 00:00:00-05:00,46.490260502731175,47.1878183036919,46.25226901560407,46.67080307006836,875200,0.0,0.0
2011-01-21 00:00:00-05:00,47.023678785373185,47.696617751637234,46.72824155519673,47.34373474121094,1010700,0.0,0.0
2011-01-24 00:00:00-05:00,47.23704860160264,47.614550314450234,47.01547069261121,47.3519401550293,1224700,0.0,0.0
2011-01-25 00:00:00-05:00,47.598146405136376,48.065921041776484,46.2933005422559,46.777488708496094,1643900,0.0,0.0
2011-01-26 00:00:00-05:00,46.605157089129136,47.80331672260131,46.54771129372712,46.867767333984375,1756000,0.0,0.0
2011-01-27 00:00:00-05:00,47.09754636110267,47.09754636110267,46.59694464770527,46.679012298583984,1066400,0.0,0.0
2011-01-28 00:00:00-05:00,46.547709072986805,46.78569744377198,45.45623275129949,45.612159729003906,1387300,0.0,0.0
2011-01-31 00:00:00-05:00,45.628565341990814,46.2030263388934,44.95562630093824,46.088134765625,1240200,0.0,0.0
2011-02-01 00:00:00-05:00,46.85955728279714,47.557118263669054,46.40819613668058,47.38478088378906,1610400,0.0,0.0
2011-02-02 00:00:00-05:00,47.319121201212155,47.803309352494175,46.90879236556843,47.30270767211914,1196200,0.0,0.0
2011-02-03 00:00:00-05:00,47.04830272791581,47.516077319584895,46.613352061730595,47.19601821899414,600700,0.0,0.0
2011-02-04 00:00:00-05:00,47.34375035074795,48.18082173538228,46.941629756417335,47.46685028076172,974600,0.0,0.0
2011-02-07 00:00:00-05:00,47.56531096515977,47.90178043627557,46.94161260305247,47.13036346435547,861700,0.0,0.0
2011-02-08 00:00:00-05:00,47.196017747724156,47.45863106289539,46.82672432787532,47.24525833129883,881000,0.0,0.0
2011-02-09 00:00:00-05:00,46.96624353028393,47.22064856451713,46.728252027023295,46.958038330078125,823400,0.0,0.0
2011-02-10 00:00:00-05:00,46.637972510703015,47.43400824709523,46.62155898317654,46.925201416015625,733000,0.0,0.0
2011-02-11 00:00:00-05:00,46.88415947711613,47.253455943771584,46.69540864539437,47.07291030883789,1321300,0.0,0.0
2011-02-14 00:00:00-05:00,47.06470369762065,47.45862203012308,47.048293303446144,47.28628158569336,548300,0.0,0.0
2011-02-15 00:00:00-05:00,47.15499210361929,47.47504811531976,47.08934111354368,47.40939712524414,581900,0.0,0.0
2011-02-16 00:00:00-05:00,47.565312316680696,48.1726002998955,47.45862908588691,48.057708740234375,761500,0.0,0.0
2011-02-17 00:00:00-05:00,48.10695200201492,48.52548916911847,47.89358238409432,48.459835052490234,726300,0.0,0.0
2011-02-18 00:00:00-05:00,48.648582202265665,49.00146522561433,48.45983132730993,48.70602798461914,647500,0.0,0.0
2011-02-22 00:00:00-05:00,48.23826157158066,48.410602078408246,46.818524038913274,46.884178161621094,1061500,0.0,0.0
2011-02-23 00:00:00-05:00,46.490257218883485,46.810313202142034,45.398781039503824,46.555908203125,839900,0.0,0.0
2011-02-24 00:00:00-05:00,46.48205059957419,46.6051505040772,45.275682805462836,45.973243713378906,1076600,0.0,0.0
2011-02-25 00:00:00-05:00,46.285104066776576,46.990867189241904,46.17841766954758,46.974456787109375,625300,0.0,0.0
2011-02-28 00:00:00-05:00,47.228844588308576,47.46683604532823,46.80210225761964,47.23705291748047,624600,0.0,0.0
2011-03-01 00:00:00-05:00,47.51607440530698,47.630965963854855,46.0142695542764,46.23584747314453,845100,0.0,0.0
2011-03-02 00:00:00-05:00,46.07993008857748,46.621564033381645,45.82552508019953,45.973243713378906,426200,0.0,0.0
2011-03-03 00:00:00-05:00,46.64618643225865,47.88537825191998,46.63798123224114,47.85255432128906,534400,0.0,0.0
2011-03-04 00:00:00-05:00,47.95103035945566,48.59935070322766,47.34374227516882,47.82793045043945,878300,0.0,0.0
2011-03-07 00:00:00-05:00,48.230039641365536,48.287485413527506,46.33431976834115,46.56410598754883,692900,0.0,0.0
2011-03-08 00:00:00-05:00,46.39177088214108,47.138569136794274,46.00606395757964,46.5969352722168,718800,0.0,0.0
2011-03-09 00:00:00-05:00,46.43280662910291,46.58873043978281,45.686005238027164,46.30149841308594,814300,0.0,0.0
2011-03-10 00:00:00-05:00,45.620355343874834,45.973238356399534,44.77507903183486,45.037689208984375,723000,0.0,0.0
2011-03-11 00:00:00-05:00,44.696086805970495,45.37928817634206,43.8811875227571,45.18996810913086,950900,0.165,0.0
2011-03-14 00:00:00-04:00,45.18173846938936,46.35881809259999,45.18173846938936,46.194190979003906,1055300,0.0,0.0
2011-03-15 00:00:00-04:00,44.45737033523987,45.31342860754969,44.193968272990745,44.97594451904297,1489200,0.0,0.0
2011-03-16 00:00:00-04:00,44.92658038768889,45.181749493019055,43.32970107819498,43.700111389160156,1440200,0.0,0.0
2011-03-17 00:00:00-04:00,44.4244519275226,44.91010011768453,44.045808677226425,44.31744384765625,1333600,0.0,0.0
2011-03-18 00:00:00-04:00,44.96772253343132,44.992415499885446,44.04581201246711,44.50676727294922,1358000,0.0,0.0
2011-03-21 00:00:00-04:00,45.12409763096286,45.76613960952834,44.86069563257705,45.70029067993164,606300,0.0,0.0
2011-03-22 00:00:00-04:00,45.65091992740782,45.856703017387126,45.30520584344296,45.49452590942383,362200,0.0,0.0
2011-03-23 00:00:00-04:00,45.305216677447774,46.02134112262503,44.7701792595558,45.84848403930664,591600,0.0,0.0
2011-03-24 00:00:00-04:00,46.16948735664767,46.58105347566218,45.362818140179265,46.56459045410156,606900,0.0,0.0
2011-03-25 00:00:00-04:00,46.77863226149987,48.07918027838723,46.77039917620198,47.10788345336914,1157900,0.0,0.0
2011-03-28 00:00:00-04:00,47.140796907387475,47.82399522430552,47.140796907387475,47.5359001159668,832700,0.0,0.0
2011-03-29 00:00:00-04:00,47.35480759758011,48.38372313300468,47.12433152244533,48.112091064453125,712000,0.0,0.0
2011-03-30 00:00:00-04:00,48.696516258354734,49.264476525941625,48.2026380378445,48.8693733215332,974900,0.0,0.0
2011-03-31 00:00:00-04:00,48.77058309022643,49.37146922238616,48.6471120036182,49.198612213134766,635800,0.0,0.0
2011-04-01 00:00:00-04:00,49.60196169085955,49.77482189745988,49.14923945643276,49.47026062011719,597500,0.0,0.0
2011-04-04 00:00:00-04:00,49.68428588511978,49.79129400586689,49.19863750942354,49.231563568115234,709100,0.0,0.0
2011-04-05 00:00:00-04:00,49.11630411275492,49.65134137768713,48.98460306692553,49.272701263427734,1265800,0.0,0.0
2011-04-06 00:00:00-04:00,49.64311817128303,49.83243825409827,49.13277380195389,49.65134811401367,784100,0.0,0.0
2011-04-07 00:00:00-04:00,49.667810987611325,50.202848323497506,49.25624477231458,49.536109924316406,531800,0.0,0.0
2011-04-08 00:00:00-04:00,49.78304722014069,50.005293345141425,49.19862396921333,49.429100036621094,582600,0.0,0.0
2011-04-11 00:00:00-04:00,49.55257692920199,49.610195952770724,48.46604228476112,48.67182540893555,664200,0.0,0.0
2011-04-12 00:00:00-04:00,48.293162958776975,48.433097060627894,47.568808909195894,47.64289093017578,940900,0.0,0.0
2011-04-13 00:00:00-04:00,47.947459687430985,48.02977166694559,47.066708318621586,47.60174560546875,758100,0.0,0.0
2011-04-14 00:00:00-04:00,47.12432733228196,47.77460264644987,47.107864308378886,47.60174560546875,929800,0.0,0.0
2011-04-15 00:00:00-04:00,47.74167553045283,48.1532416988188,47.41242133975978,47.86514663696289,1064400,0.0,0.0
2011-04-18 00:00:00-04:00,47.08317249080378,47.22310348739144,46.32588907279742,46.84446334838867,855100,0.0,0.0
2011-04-19 00:00:00-04:00,46.902074652265426,47.63466184336956,46.49874161311835,47.593505859375,884600,0.0,0.0
2011-04-20 00:00:00-04:00,51.39638010455962,54.754758283396676,50.9765840097052,53.3965950012207,3356500,0.0,0.0
2011-04-21 00:00:00-04:00,53.618847711383474,53.79170477363973,52.647551161560955,53.49537658691406,1542800,0.0,0.0
2011-04-25 00:00:00-04:00,53.38836794133647,57.40525179065005,53.38836794133647,57.25708770751953,3229200,0.0,0.0
2011-04-26 00:00:00-04:00,57.33116200302818,57.52047890219074,56.219934730550385,56.392791748046875,1200000,0.0,0.0
2011-04-27 00:00:00-04:00,56.61504337284559,56.61504337284559,55.2651067891838,56.05531311035156,954400,0.0,0.0
2011-04-28 00:00:00-04:00,56.03062786229039,56.6973631638682,55.824844741556255,56.57389831542969,649100,0.0,0.0
2011-04-29 00:00:00-04:00,56.689120892202666,58.22837419608513,56.58210967941888,58.071983337402344,1252800,0.0,0.0
2011-05-02 00:00:00-04:00,58.590556626657424,58.590556626657424,57.215927210185086,57.586334228515625,993900,0.0,0.0
2011-05-03 00:00:00-04:00,57.3888080235755,57.76744828013911,55.84954774319433,56.203495025634766,925500,0.0,0.0
2011-05-04 00:00:00-04:00,56.088236892737555,56.088236892737555,54.31027431194117,54.4090461730957,1401100,0.0,0.0
2011-05-05 00:00:00-04:00,53.19905080554214,56.08001453341157,53.14143178218486,55.93185043334961,1656500,0.0,0.0
2011-05-06 00:00:00-04:00,56.57390336579081,57.47111483788467,56.203489947401025,56.796146392822266,1468300,0.0,0.0
2011-05-09 00:00:00-04:00,56.72205636113703,57.232394426901436,56.34340993298681,57.026611328125,664800,0.0,0.0
2011-05-10 00:00:00-04:00,57.33118989280573,58.730512875169914,57.24887788443202,58.532962799072266,915300,0.0,0.0
2011-05-11 00:00:00-04:00,58.26953835855756,58.31892428872685,57.02660678261961,57.520484924316406,928700,0.0,0.0
2011-05-12 00:00:00-04:00,57.125390566992806,57.34763355471369,56.17055395603928,56.76321029663086,761000,0.0,0.0
2011-05-13 00:00:00-04:00,57.47934086659296,57.49580075249963,56.08001192444057,56.1870231628418,502600,0.0,0.0
2011-05-16 00:00:00-04:00,56.063558239496665,57.191252088901784,55.610832826961015,55.77546310424805,500700,0.0,0.0
2011-05-17 00:00:00-04:00,55.43794813042797,55.94005923603094,54.55719699568174,55.38032913208008,698500,0.0,0.0
2011-05-18 00:00:00-04:00,55.67668365571893,57.174784604515516,55.273350475659065,57.10893249511719,496400,0.0,0.0
2011-05-19 00:00:00-04:00,57.22415631973427,57.71804073743148,56.63973312412723,56.845516204833984,433000,0.0,0.0
2011-05-20 00:00:00-04:00,56.67267528740191,56.919617566476774,55.808389870645954,56.42573928833008,457600,0.0,0.0
2011-05-23 00:00:00-04:00,55.19104831459153,55.59438156653001,54.6230847598182,55.32274627685547,611400,0.0,0.0
2011-05-24 00:00:00-04:00,55.70135807476161,56.483337483413194,55.56966017983126,55.8989143371582,576100,0.0,0.0
2011-05-25 00:00:00-04:00,55.61905290788504,57.0430746434879,55.3638838877487,56.72205352783203,665700,0.0,0.0
2011-05-26 00:00:00-04:00,56.50802494756664,57.207686038803786,56.10469194108877,56.985443115234375,547700,0.0,0.0
2011-05-27 00:00:00-04:00,57.20769195415226,58.26130024001854,57.150072947268974,58.071983337402344,501100,0.0,0.0
2011-05-31 00:00:00-04:00,59.026834674836905,59.092686786336536,57.53696676217498,58.310707092285156,754400,0.0,0.0
2011-06-01 00:00:00-04:00,58.2695258084777,58.57408696559502,56.27754750733182,56.359859466552734,489100,0.0,0.0
2011-06-02 00:00:00-04:00,56.56567831485742,57.0513235777101,55.429751206483225,55.76723861694336,750000,0.0,0.0
2011-06-03 00:00:00-04:00,54.72184732113437,56.20348194369085,54.13741776290138,55.306270599365234,886300,0.0,0.0
2011-06-06 00:00:00-04:00,55.02640141848116,55.60259788464449,53.99748588604882,54.21150207519531,904200,0.0,0.0
2011-06-07 00:00:00-04:00,54.59836257429872,55.396801845872304,54.12917745224009,54.35965347290039,790200,0.0,0.0
2011-06-08 00:00:00-04:00,54.0880358312424,54.203273878863165,53.59415758715305,53.874019622802734,580600,0.0,0.0
2011-06-09 00:00:00-04:00,54.16211078823847,55.339190292250386,53.83285659438872,54.8288459777832,520100,0.0,0.0
2011-06-10 00:00:00-04:00,54.425532866470725,54.8123999352583,53.8822623051884,53.93164825439453,624300,0.0,0.0
2011-06-13 00:00:00-04:00,54.12555774082488,54.35662198671008,53.39112084429639,53.671695709228516,455200,0.165,0.0
2011-06-14 00:00:00-04:00,54.35663518988973,55.214855138353364,54.1750878148107,54.60419464111328,496800,0.0,0.0
2011-06-15 00:00:00-04:00,54.0512851329209,54.8352325516208,53.95225761120733,54.10079574584961,585200,0.0,0.0
2011-06-16 00:00:00-04:00,54.24933318923511,54.73621062830273,52.91249629034508,53.514896392822266,582700,0.0,0.0
2011-06-17 00:00:00-04:00,54.07605105261123,54.257598396789376,53.27559574192977,53.3911247253418,657900,0.0,0.0
2011-06-20 00:00:00-04:00,53.34985573381455,54.472142425967405,53.27558352102563,54.19982147216797,374800,0.0,0.0
2011-06-21 00:00:00-04:00,54.694954215624854,56.07305432233717,54.37312260497604,55.850250244140625,416400,0.0,0.0
2011-06-22 00:00:00-04:00,55.55316221617063,56.130806960567625,55.346859622335195,55.5201530456543,398200,0.0,0.0
2011-06-23 00:00:00-04:00,54.71147001715821,55.66045725232172,54.05129896187616,55.272613525390625,747800,0.0,0.0
2011-06-24 00:00:00-04:00,55.33862574976985,55.47066247954048,54.488659763409245,54.57943344116211,516900,0.0,0.0
2011-06-27 00:00:00-04:00,54.58768081665039,54.86000181751199,53.9687728851597,54.58768081665039,433200,0.0,0.0
2011-06-28 00:00:00-04:00,54.82697876507979,55.55316162109375,54.686688217924264,55.55316162109375,690700,0.0,0.0
2011-06-29 00:00:00-04:00,55.899755722167846,56.81573985158714,55.56967027353685,56.543418884277344,772300,0.0,0.0
2011-06-30 00:00:00-04:00,56.642452580514316,57.1788407060132,56.22984729872394,57.10456848144531,790300,0.0,0.0
2011-07-01 00:00:00-04:00,57.39338553168234,58.22684349821296,56.97252646709145,58.160831451416016,473200,0.0,0.0
2011-07-05 00:00:00-04:00,58.391898274008874,58.391898274008874,57.62445223705043,57.814247131347656,588300,0.0,0.0
2011-07-06 00:00:00-04:00,57.70698257076606,58.235116897415125,57.35214172981205,57.929786682128906,781900,0.0,0.0
2011-07-07 00:00:00-04:00,58.59819344825986,58.76323301324501,57.82249364194686,58.218597412109375,858900,0.0,0.0
2011-07-08 00:00:00-04:00,57.42641601460373,58.34240049773275,57.12934592156336,58.226871490478516,668800,0.0,0.0
2011-07-11 00:00:00-04:00,57.25309158111949,57.657449183972986,56.601174651796946,57.02203369140625,625100,0.0,0.0
2011-07-12 00:00:00-04:00,56.75799495550641,57.39341076515617,56.444417133822945,56.658973693847656,602800,0.0,0.0
2011-07-13 00:00:00-04:00,57.02204887745317,57.22009765054361,56.403140952670704,56.477413177490234,801200,0.0,0.0
2011-07-14 00:00:00-04:00,56.74148186541897,57.07981493308077,55.76773311851424,56.048301696777344,851700,0.0,0.0
2011-07-15 00:00:00-04:00,56.312383167924615,56.3206370387561,55.63571056449479,56.23811721801758,560900,0.0,0.0
2011-07-18 00:00:00-04:00,55.99051208281643,56.205068502529876,54.8682256816521,55.61091613769531,698500,0.0,0.0
2011-07-19 00:00:00-04:00,56.08955779410352,57.220092131650695,56.064802486836996,56.84049606323242,1094000,0.0,0.0
2011-07-20 00:00:00-04:00,57.00557187181138,57.00557187181138,55.80901226014433,56.205116271972656,568600,0.0,0.0
2011-07-21 00:00:00-04:00,56.42789050814663,57.82249823778361,56.11431279140881,57.690467834472656,1071900,0.0,0.0
2011-07-22 00:00:00-04:00,56.91477321247965,57.401644419858414,54.802236197935876,55.198333740234375,2162100,0.0,0.0
2011-07-25 00:00:00-04:00,54.7279606385772,56.96428035974835,54.61243167112604,56.691959381103516,1490500,0.0,0.0
2011-07-26 00:00:00-04:00,56.634205493838465,56.81575284690317,55.759484206371475,56.394893646240234,1376100,0.0,0.0
2011-07-27 00:00:00-04:00,55.92449161908701,56.83222786173441,55.91624405022955,56.08128356933594,1367700,0.0,0.0
2011-07-28 00:00:00-04:00,56.06478637846545,56.44438233781931,55.536652322333595,55.63567352294922,1079600,0.0,0.0
2011-07-29 00:00:00-04:00,54.58767935190072,55.76773069477963,54.298856917459766,54.94252014160156,758600,0.0,0.0
2011-08-01 00:00:00-04:00,55.6934540593757,55.76772627712382,54.051286951475994,54.90125274658203,1114700,0.0,0.0
2011-08-02 00:00:00-04:00,54.40615954545246,55.140596805644115,52.05430953832975,52.1368293762207,881100,0.0,0.0
2011-08-03 00:00:00-04:00,51.88099789941877,52.351367765368416,50.36261002486564,52.260597229003906,1243800,0.0,0.0
2011-08-04 00:00:00-04:00,51.468379105486115,51.468379105486115,47.26805744464271,47.375335693359375,2177900,0.0,0.0
2011-08-05 00:00:00-04:00,48.21703232443759,48.48109933707772,44.60261076052608,46.44282913208008,2743200,0.0,0.0
2011-08-08 00:00:00-04:00,44.47058183515768,45.06473424876565,42.45706986938139,42.4653205871582,2641400,0.0,0.0
2011-08-09 00:00:00-04:00,43.69490234070523,46.27781242620087,42.47359101812698,46.236549377441406,1932100,0.0,0.0
2011-08-10 00:00:00-04:00,44.17350199832816,45.576359999660845,43.42256082525113,43.538089752197266,2217600,0.0,0.0
2011-08-11 00:00:00-04:00,43.65364756097654,47.862220898009184,43.65364756097654,47.037010192871094,1762900,0.0,0.0
2011-08-12 00:00:00-04:00,47.523866913693205,48.29956355401983,47.03699265329462,47.96122741699219,1207700,0.0,0.0
2011-08-15 00:00:00-04:00,48.58013802745868,49.09177076999038,48.05200384619966,49.05876159667969,755800,0.0,0.0
2011-08-16 00:00:00-04:00,47.3505839495619,47.862213627609464,44.12401070851434,45.60113525390625,3536700,0.0,0.0
2011-08-17 00:00:00-04:00,45.997246020648824,46.335582283331945,44.429344424061284,44.55312728881836,1613500,0.0,0.0
2011-08-18 00:00:00-04:00,43.108983706986436,43.11723442418061,39.222241139673905,39.92367172241211,3296400,0.0,0.0
2011-08-19 00:00:00-04:00,39.40378614664434,40.435298872996285,38.08345111608466,38.215484619140625,2032600,0.0,0.0
2011-08-22 00:00:00-04:00,39.445053595821015,39.75863440622933,37.29950797243857,37.63784408569336,2587200,0.0,0.0
2011-08-23 00:00:00-04:00,38.025711381285994,39.08198009256758,37.63786133664332,38.85917282104492,1692400,0.0,0.0
2011-08-24 00:00:00-04:00,38.91692514307687,40.14649011278781,38.529075219785106,40.006202697753906,1305700,0.0,0.0
2011-08-25 00:00:00-04:00,40.30329314626318,40.53435114887049,39.07372774396886,39.28828430175781,1259700,0.0,0.0
2011-08-26 00:00:00-04:00,38.9086657240698,41.02120201332291,38.33926861966604,40.81489944458008,1209300,0.0,0.0
2011-08-29 00:00:00-04:00,41.450329468957854,42.8861973468451,41.34305120589194,42.8201789855957,1586200,0.0,0.0
2011-08-30 00:00:00-04:00,42.49009295508029,42.68814172587404,41.61536863161064,41.953704833984375,1136100,0.0,0.0
2011-08-31 00:00:00-04:00,42.457085134121144,43.13375756049326,41.4008134470612,41.84642791748047,1431600,0.0,0.0
2011-09-01 00:00:00-04:00,42.003218315528144,42.506594107503574,41.18625848474625,41.21101379394531,1112700,0.0,0.0
2011-09-02 00:00:00-04:00,40.18775066281609,40.53433755045447,38.8591612976794,39.313026428222656,1648300,0.0,0.0
2011-09-06 00:00:00-04:00,37.6378484159428,38.80964572176327,37.6378484159428,38.7188720703125,1416400,0.0,0.0
2011-09-07 00:00:00-04:00,39.403792870530786,40.59209460080701,39.33777453377388,40.30327224731445,776300,0.0,0.0
2011-09-08 00:00:00-04:00,40.12174323047511,40.36105508824976,39.25527262769789,39.387306213378906,665600,0.0,0.0
2011-09-09 00:00:00-04:00,38.81790575531065,38.99119921855695,37.59659449616335,37.83590316772461,1191800,0.0,0.0
2011-09-12 00:00:00-04:00,37.159218476044444,37.778126195621084,36.02868125637081,36.87864685058594,1785100,0.0,0.0
2011-09-13 00:00:00-04:00,37.13955758805193,38.24943744232673,36.99875030794285,37.77732467651367,1065700,0.165,0.0
2011-09-14 00:00:00-04:00,37.96783014294413,38.680141595561196,36.8248186687541,38.23287582397461,1096600,0.0,0.0
2011-09-15 00:00:00-04:00,38.68842440472018,39.2682130395102,38.33226866447462,38.787818908691406,789400,0.0,0.0
2011-09-16 00:00:00-04:00,38.92033072465839,39.02800333405613,38.03408069317126,38.34882354736328,1002200,0.0,0.0
2011-09-19 00:00:00-04:00,37.37147774385935,38.30742213143254,37.156129301558025,37.984397888183594,830100,0.0,0.0
2011-09-20 00:00:00-04:00,38.08378562846511,39.003164178116094,37.23067007607606,37.26380157470703,1378000,0.0,0.0
2011-09-21 00:00:00-04:00,37.321777208840714,37.46258132765835,35.97169876098633,35.97169876098633,1028400,0.0,0.0
2011-09-22 00:00:00-04:00,34.50567108579838,34.836979802465414,32.99822242819213,33.312965393066406,2573100,0.0,0.0
2011-09-23 00:00:00-04:00,33.14730993793285,34.3400155911998,32.931958331346756,33.89274978637695,999400,0.0,0.0
2011-09-26 00:00:00-04:00,34.356569859144294,35.193122639622366,33.23012442776368,35.15170669555664,845100,0.0,0.0
2011-09-27 00:00:00-04:00,36.27816320279084,37.752483424962705,36.112508854731836,36.45209884643555,1216800,0.0,0.0
2011-09-28 00:00:00-04:00,36.40240441219927,36.551493008094205,33.83476994035946,33.96729278564453,929900,0.0,0.0
2011-09-29 00:00:00-04:00,35.14342626624574,35.49129745587869,34.1329378703906,35.06888198852539,1032800,0.0,0.0
2011-09-30 00:00:00-04:00,34.31516700507601,34.663038286828915,33.44548564109992,33.46205139160156,1475500,0.0,0.0
2011-10-03 00:00:00-04:00,33.26326248441854,34.389708138128086,32.27762411721946,32.30247116088867,1568300,0.0,0.0
2011-10-04 00:00:00-04:00,31.822057065285286,33.39576762911136,31.490751739990024,33.35435485839844,1800000,0.0,0.0
2011-10-05 00:00:00-04:00,33.56143687431989,35.565844941088955,33.0064953880006,35.1931266784668,1649400,0.0,0.0
2011-10-06 00:00:00-04:00,34.977787518712724,36.029689167821125,34.47254309611162,35.61555480957031,995300,0.0,0.0
2011-10-07 00:00:00-04:00,35.76463735465244,35.98827024926246,34.414558691455916,35.94685745239258,1966400,0.0,0.0
2011-10-10 00:00:00-04:00,36.40240051727858,38.100350278192366,36.31129047846968,38.06721878051758,1609600,0.0,0.0
2011-10-11 00:00:00-04:00,37.537124920563976,38.77952756310584,37.421167846128334,38.216304779052734,931300,0.0,0.0
2011-10-12 00:00:00-04:00,38.721559879129416,40.096485729202435,38.315706845255065,39.29306411743164,1322700,0.0,0.0
2011-10-13 00:00:00-04:00,39.46700355827772,39.64922051793363,38.307426151476406,39.3427619934082,965900,0.0,0.0
2011-10-14 00:00:00-04:00,39.96394369874074,40.36151208591906,39.14395672796549,40.2786865234375,693000,0.0,0.0
2011-10-17 00:00:00-04:00,40.16274441812416,40.30354855865963,38.8457972631909,39.2847785949707,1070700,0.0,0.0
2011-10-18 00:00:00-04:00,39.27649798746857,40.734252585334964,38.33227222909296,40.552032470703125,1023600,0.0,0.0
2011-10-19 00:00:00-04:00,40.22072016914181,40.25384850840394,36.85794886552967,37.13127899169922,2641100,0.0,0.0
2011-10-20 00:00:00-04:00,37.37976674420262,37.868445396115185,36.58462640306749,37.63652801513672,2001000,0.0,0.0
2011-10-21 00:00:00-04:00,38.14176105648458,38.89548521102261,37.50399397809189,38.539329528808594,1996700,0.0,0.0
2011-10-24 00:00:00-04:00,38.69670750460911,40.55202727944739,38.25772302642834,40.26213455200195,1558200,0.0,0.0
2011-10-25 00:00:00-04:00,40.19587191908614,43.94793061765334,37.893286349776304,42.20856475830078,4549100,0.0,0.0
2011-10-26 00:00:00-04:00,43.29361065211929,44.063900890612146,41.23121994527832,43.66633224487305,2632400,0.0,0.0
2011-10-27 00:00:00-04:00,46.21738834095494,47.14504831020442,44.82589680728369,45.77012252807617,1774200,0.0,0.0
2011-10-28 00:00:00-04:00,45.22346437576009,46.30021608533045,45.13235748365866,45.66244888305664,1035500,0.0,0.0
2011-10-31 00:00:00-04:00,45.08266108173294,45.08266108173294,43.96449971248028,44.13843536376953,1226800,0.0,0.0
2011-11-01 00:00:00-04:00,42.92915400270662,43.18591519242668,41.67846691104972,42.21684265136719,1382400,0.0,0.0
2011-11-02 00:00:00-04:00,43.44268236346838,44.593975043955425,43.3184408277581,43.831966400146484,1282500,0.0,0.0
2011-11-03 00:00:00-04:00,44.73478055145126,45.20689650598619,43.29359512255465,45.05780792236328,801400,0.0,0.0
2011-11-04 00:00:00-04:00,44.444892852657716,45.19861715062967,43.4758201093769,45.032962799072266,701800,0.0,0.0
2011-11-07 00:00:00-05:00,45.14892066433272,45.76184082763003,44.03075930161285,45.22346496582031,956300,0.0,0.0
2011-11-08 00:00:00-05:00,45.5713460809745,45.5713460809745,43.81541725123229,45.16549301147461,1234500,0.0,0.0
2011-11-09 00:00:00-05:00,43.798849754957374,44.097026992589626,42.66411936067972,42.9705810546875,1372100,0.0,0.0
2011-11-10 00:00:00-05:00,43.86509928122506,44.030753614199405,42.74693806293709,43.48409652709961,537100,0.0,0.0
2011-11-11 00:00:00-05:00,44.17984838588917,45.190337114930706,44.10530408358949,44.5939826965332,805400,0.0,0.0
2011-11-14 00:00:00-05:00,44.44489386741165,44.66024231763729,43.69116955223086,44.13843536376953,534900,0.0,0.0
2011-11-15 00:00:00-05:00,43.798849352240666,43.9065220073778,42.390791942809656,43.32673645019531,1425400,0.0,0.0
2011-11-16 00:00:00-05:00,42.813204491769696,44.56085181250424,42.573008989550374,43.202491760253906,764000,0.0,0.0
2011-11-17 00:00:00-05:00,42.95399895086578,43.14450030026119,41.438266289738216,41.703311920166016,1020700,0.0,0.0
2011-11-18 00:00:00-05:00,41.885543917597616,42.09261107287923,41.20636390104144,41.66191101074219,490600,0.0,0.0
2011-11-21 00:00:00-05:00,40.91646335027052,41.463120409656945,40.26213050597048,41.206356048583984,646800,0.0,0.0
2011-11-22 00:00:00-05:00,41.015858883978105,41.363730157599825,40.16274329044448,40.62657165527344,641900,0.0,0.0
2011-11-23 00:00:00-05:00,39.930823508496495,40.13789063288355,38.87064084270474,38.928619384765625,740200,0.0,0.0
2011-11-25 00:00:00-05:00,38.65528627658191,39.665774776567304,38.61387348682371,39.119117736816406,335900,0.0,0.0
2011-11-28 00:00:00-05:00,40.91646654375193,41.37201360219662,40.70111495711676,41.10696792602539,735300,0.0,0.0
2011-11-29 00:00:00-05:00,41.380306856380535,41.62050555720242,40.79223678989491,41.43000411987305,505400,0.0,0.0
2011-11-30 00:00:00-05:00,43.66632862648494,45.17377746817973,43.41784547884304,45.16549301147461,1317900,0.0,0.0
2011-12-01 00:00:00-05:00,44.83419584381018,45.281458642553524,43.99764249659259,44.31238555908203,509200,0.0,0.0
2011-12-02 00:00:00-05:00,45.008116779809825,45.35598808238833,43.98106230437961,44.13843536376953,469200,0.0,0.0
2011-12-05 00:00:00-05:00,45.099228381055816,45.455384151401475,44.295806783821085,44.519439697265625,862500,0.0,0.0
2011-12-06 00:00:00-05:00,45.016391488550326,45.016391488550326,43.89823028291722,44.51115036010742,418100,0.0,0.0
2011-12-07 00:00:00-05:00,44.16327762184932,45.45537766186123,43.9562104900291,45.2068977355957,649200,0.0,0.0
2011-12-08 00:00:00-05:00,44.602264492341995,45.12407461428726,43.79884606921333,43.964500427246094,632900,0.0,0.0
2011-12-09 00:00:00-05:00,43.93136552390773,44.34549980714307,42.109174045753456,43.9727783203125,1353000,0.0,0.0
2011-12-12 00:00:00-05:00,43.1942146280763,43.31017174231097,41.58737130341197,42.16716003417969,1054700,0.0,0.0
2011-12-13 00:00:00-05:00,42.56193201141026,43.19358910629539,41.25706535521647,41.963523864746094,938700,0.175,0.0
2011-12-14 00:00:00-05:00,41.448227083397164,41.4565401137296,39.93557895308896,39.95220184326172,1266800,0.0,0.0
2011-12-15 00:00:00-05:00,40.725152935605685,41.00773575626428,40.04363022175127,40.5755500793457,712400,0.0,0.0
2011-12-16 00:00:00-05:00,40.9495573234477,42.07157557773975,40.60879596565962,41.68925857543945,1310300,0.0,0.0
2011-12-19 00:00:00-05:00,41.797308519755305,42.12975686807683,39.74442720763696,39.902339935302734,729500,0.0,0.0
2011-12-20 00:00:00-05:00,40.90798793742422,42.00507307058264,40.833186534231984,41.59782028198242,811200,0.0,0.0
2011-12-21 00:00:00-05:00,41.45653446572618,41.53133587606668,40.54229465373214,41.40666580200195,476100,0.0,0.0
2011-12-22 00:00:00-05:00,41.464860226581436,42.48714444629564,41.37343589327081,42.18793869018555,457100,0.0,0.0
2011-12-23 00:00:00-05:00,42.246110601442425,42.66167335060243,42.05494894679571,42.50375747680664,242300,0.0,0.0
2011-12-27 00:00:00-05:00,42.42063638029133,43.59252293496298,42.37076772055308,42.79464340209961,322200,0.0,0.0
2011-12-28 00:00:00-05:00,42.65336262908874,42.74478694613174,41.60614583953332,41.697566986083984,394600,0.0,0.0
2011-12-29 00:00:00-05:00,41.81391528735409,42.86113177792584,41.74742374103643,42.79464340209961,337100,0.0,0.0
2011-12-30 00:00:00-05:00,42.84452890025728,43.24346885299873,42.611814720448,42.811283111572266,425300,0.0,0.0
2012-01-03 00:00:00-05:00,43.97484391152756,45.013750640840236,43.675638266206825,43.82524108886719,548700,0.0,0.0
2012-01-04 00:00:00-05:00,43.78369112654478,44.64806239824159,43.44292980199979,44.465213775634766,402800,0.0,0.0
2012-01-05 00:00:00-05:00,43.86681231361531,44.681315098400766,43.484495262275935,44.531715393066406,618800,0.0,0.0
2012-01-06 00:00:00-05:00,44.614812676410814,45.22153385088143,44.25742849315537,44.440277099609375,710800,0.0,0.0
2012-01-09 00:00:00-05:00,44.65637284415028,44.805975688156856,43.77537867061069,44.40703582763672,465600,0.0,0.0
2012-01-10 00:00:00-05:00,45.171663210449005,46.10252592036189,45.113484687390915,45.78669738769531,592100,0.0,0.0
2012-01-11 00:00:00-05:00,45.54567931589503,46.227202010412476,45.312965177423415,46.0194206237793,297400,0.0,0.0
2012-01-12 00:00:00-05:00,46.29370208404845,47.95595348261038,45.861516339963195,47.78141784667969,773300,0.0,0.0
2012-01-13 00:00:00-05:00,47.33260544643323,47.36585123268059,46.302008266213726,47.20793533325195,404000,0.0,0.0
2012-01-17 00:00:00-05:00,48.18035596901052,48.57929590902986,47.47389724920086,47.65674591064453,525600,0.0,0.0
2012-01-18 00:00:00-05:00,47.37415974460891,48.63747105159093,47.2993583129293,48.62915802001953,729700,0.0,0.0
2012-01-19 00:00:00-05:00,48.72890559667684,50.88983136656994,48.720592563361805,49.94234848022461,1048200,0.0,0.0
2012-01-20 00:00:00-05:00,49.86753840985712,49.95064970567646,49.44366572839012,49.56833267211914,883500,0.0,0.0
2012-01-23 00:00:00-05:00,49.67638848302217,50.74022847183192,49.49353979601053,49.94234848022461,756300,0.0,0.0
2012-01-24 00:00:00-05:00,49.87585049549561,52.75985761003796,48.53774081837091,52.07833480834961,1455100,0.0,0.0
2012-01-25 00:00:00-05:00,52.11158622416423,52.203010565811674,51.06436598228481,51.60459899902344,895100,0.0,0.0
2012-01-26 00:00:00-05:00,52.111576829830874,53.10061517287014,52.078331044226374,52.37753677368164,919900,0.0,0.0
2012-01-27 00:00:00-05:00,52.41908840040755,53.1920354187253,52.31935422173531,52.56869125366211,728200,0.0,0.0
2012-01-30 00:00:00-05:00,52.11156423777116,53.23358545210708,51.97858429797859,52.7099723815918,661200,0.0,0.0
2012-01-31 00:00:00-05:00,53.0175129820676,53.57436571933372,52.468970107383036,53.4496955871582,835400,0.0,0.0
2012-02-01 00:00:00-05:00,54.15615814144749,55.35297493670987,54.02317497475923,55.18675231933594,930700,0.0,0.0
2012-02-02 00:00:00-05:00,55.369582481320755,55.369582481320755,54.496898179563864,54.58000946044922,684900,0.0,0.0
2012-02-03 00:00:00-05:00,55.527479254154485,56.3170520936058,55.27814546878787,55.67708206176758,768700,0.0,0.0
2012-02-06 00:00:00-05:00,55.219983976272246,56.1425338508199,54.854286702473956,56.100975036621094,540500,0.0,0.0
2012-02-07 00:00:00-05:00,56.059406277347485,56.39185770900598,55.31970517092374,55.602291107177734,769900,0.0,0.0
2012-02-08 00:00:00-05:00,55.79346279701772,56.41680703669937,55.136872770301444,55.46101760864258,356600,0.0,0.0
2012-02-09 00:00:00-05:00,55.61892593743298,56.94041899356543,54.57171220350013,55.278167724609375,580600,0.0,0.0
2012-02-10 00:00:00-05:00,54.40548794195252,54.85429658401276,53.67409960358728,54.214332580566406,889300,0.0,0.0
2012-02-13 00:00:00-05:00,54.69637293855734,55.30309740806804,54.55508311037848,54.970645904541016,509200,0.0,0.0
2012-02-14 00:00:00-05:00,54.663124265518555,54.86259896168485,53.57435183146241,54.23094177246094,948100,0.0,0.0
2012-02-15 00:00:00-05:00,54.52183239449379,54.72130074217433,53.35825540788582,53.78213119506836,1422500,0.0,0.0
2012-02-16 00:00:00-05:00,53.84861856122263,55.23659653817501,53.74057453568793,55.17010498046875,512900,0.0,0.0
2012-02-17 00:00:00-05:00,55.42775865153997,55.68540551360744,54.929078305496574,55.08699417114258,404000,0.0,0.0
2012-02-21 00:00:00-05:00,55.28646438251458,55.369582003667176,54.264183588573474,54.66312026977539,342500,0.0,0.0
2012-02-22 00:00:00-05:00,54.8459704956702,55.36127059336792,54.26418517648278,55.01219940185547,417500,0.0,0.0
2012-02-23 00:00:00-05:00,54.920782859820015,55.55243376974746,54.73793420763591,55.33634567260742,414200,0.0,0.0
2012-02-24 00:00:00-05:00,55.30309740806804,55.72697323358963,54.87922158254646,54.970645904541016,442500,0.0,0.0
2012-02-27 00:00:00-05:00,54.43872252522582,55.96799046546795,54.05640554016529,55.59398651123047,475700,0.0,0.0
2012-02-28 00:00:00-05:00,55.5856813837905,56.1342273583834,55.136872770301444,55.46101760864258,284600,0.0,0.0
2012-02-29 00:00:00-05:00,55.59399107641589,56.20071555662871,55.195054337934565,55.28647232055664,728100,0.0,0.0
2012-03-01 00:00:00-05:00,55.64384872635568,56.73262742439675,55.41113460493751,56.26719284057617,445200,0.0,0.0
2012-03-02 00:00:00-05:00,56.05941712730622,56.45004715953525,54.56339490677246,54.78779602050781,652200,0.0,0.0
2012-03-05 00:00:00-05:00,54.22264152600734,54.23926759176692,51.346947225259015,51.862247467041016,1142000,0.0,0.0
2012-03-06 00:00:00-05:00,52.67673770989615,52.67673770989615,49.37716829546533,49.909088134765625,1018900,0.0,0.0
2012-03-07 00:00:00-05:00,49.95895569581288,51.38017957925331,49.942332804893475,51.114219665527344,872000,0.0,0.0
2012-03-08 00:00:00-05:00,51.853933353035906,52.51052343515392,51.554727585463496,52.30274200439453,426300,0.0,0.0
2012-03-09 00:00:00-05:00,52.31104150161444,52.85958424331039,52.00352593276021,52.4024658203125,347300,0.0,0.0
2012-03-12 00:00:00-04:00,52.35261259754573,52.39416825111382,51.80406972716481,52.153141021728516,344300,0.0,0.0
2012-03-13 00:00:00-04:00,52.37825441907808,53.07863235473633,52.04473990471505,53.07863235473633,794200,0.2,0.0
2012-03-14 00:00:00-04:00,53.070289048215336,53.36211182500645,52.83682764615272,53.287071228027344,550200,0.0,0.0
2012-03-15 00:00:00-04:00,53.36211244948331,53.92074553748656,53.2287072955848,53.86238098144531,671700,0.0,0.0
2012-03-16 00:00:00-04:00,54.02079965764009,54.18755370796364,53.38712281614393,53.67061233520508,650100,0.0,0.0
2012-03-19 00:00:00-04:00,53.51219339261673,54.15420350604006,52.97857277954138,53.67894744873047,359900,0.0,0.0
2012-03-20 00:00:00-04:00,53.262069669774405,53.57056855140052,52.678420815967705,53.3787956237793,432700,0.0,0.0
2012-03-21 00:00:00-04:00,53.57056095159963,54.00412533855708,53.32042667277651,53.59557342529297,470400,0.0,0.0
2012-03-22 00:00:00-04:00,53.02026123221602,53.328760052425146,52.46996457804015,52.88685607910156,488300,0.0,0.0
2012-03-23 00:00:00-04:00,52.97023151195583,52.98690755317168,51.96969448404165,52.253177642822266,696900,0.0,0.0
2012-03-26 00:00:00-04:00,52.76179049533523,53.68729019165039,52.75345406429515,53.68729019165039,409300,0.0,0.0
2012-03-27 00:00:00-04:00,53.72898711124155,54.212576493689646,53.69563502257953,53.88740158081055,234200,0.0,0.0
2012-03-28 00:00:00-04:00,53.77067698491677,53.77067698491677,52.33657203846283,52.661746978759766,383000,0.0,0.0
2012-03-29 00:00:00-04:00,52.319882826680555,53.22870641655246,51.98636835712713,53.1036376953125,328000,0.0,0.0
2012-03-30 00:00:00-04:00,53.69562881264824,53.84571001364011,52.78680517581074,53.29541015625,326300,0.0,0.0
2012-04-02 00:00:00-04:00,53.07028704855795,54.61278426312726,52.92854229043618,54.34597396850586,687700,0.0,0.0
2012-04-03 00:00:00-04:00,54.35430423851039,54.57942280164894,53.270384024674726,53.71228790283203,507200,0.0,0.0
2012-04-04 00:00:00-04:00,53.128658671136975,53.68729180588677,52.82849625459021,53.061954498291016,945600,0.0,0.0
2012-04-05 00:00:00-04:00,52.895189296559984,53.687283736587325,52.469961390784626,52.54500198364258,503100,0.0,0.0
2012-04-09 00:00:00-04:00,51.62784503035021,52.65340098281188,51.5194555236916,52.5533447265625,619800,0.0,0.0
2012-04-10 00:00:00-04:00,52.553340564843005,52.85350294856133,51.044195396502055,51.11923599243164,631600,0.0,0.0
2012-04-11 00:00:00-04:00,52.01973029828799,52.286540652241165,51.43608145627906,51.677879333496094,521900,0.0,0.0
2012-04-12 00:00:00-04:00,51.786267041649964,53.42048109723594,51.7779274297883,53.128658294677734,374900,0.0,0.0
2012-04-13 00:00:00-04:00,52.895187514670226,53.27039046632045,52.37824299274628,52.403255462646484,366800,0.0,0.0
2012-04-16 00:00:00-04:00,52.57835943341534,53.19535709935122,51.9780346292573,52.836830139160156,574100,0.0,0.0
2012-04-17 00:00:00-04:00,53.44549042447561,54.08750691355916,53.13699159698972,53.4621696472168,459500,0.0,0.0
2012-04-18 00:00:00-04:00,53.16200081088426,55.07970100731528,52.88685408448827,54.40433883666992,1159900,0.0,0.0
2012-04-19 00:00:00-04:00,54.17088967886086,54.604454097141215,51.91133503330011,53.13699722290039,1379100,0.0,0.0
2012-04-20 00:00:00-04:00,52.99525764610089,55.14641649835268,52.62839102804829,54.56277084350586,1666100,0.0,0.0
2012-04-23 00:00:00-04:00,52.253177283268656,53.837366200948054,52.04473154044924,53.70396423339844,688900,0.0,0.0
2012-04-24 00:00:00-04:00,53.520542271067285,53.66228387943296,52.6283913771051,52.72010803222656,694100,0.0,0.0
2012-04-25 00:00:00-04:00,53.72897919327059,54.08750614197605,53.320424118944686,53.82902908325195,612200,0.0,0.0
2012-04-26 00:00:00-04:00,53.52889103861519,54.60447237396396,53.378809774118565,54.3043098449707,525300,0.0,0.0
2012-04-27 00:00:00-04:00,54.53774900114566,55.463242277391046,54.52940939000559,55.22145080566406,682800,0.0,0.0
2012-04-30 00:00:00-04:00,54.912969168097426,55.15476709074382,54.104198341619245,54.44605255126953,527400,0.0,0.0
2012-05-01 00:00:00-04:00,54.44603309418397,55.980190779085845,54.44603309418397,55.088043212890625,737300,0.0,0.0
2012-05-02 00:00:00-04:00,54.862929079183466,55.31316634341332,54.45437079083925,55.079708099365234,606100,0.0,0.0
2012-05-03 00:00:00-04:00,55.07971331576341,55.32985080736743,54.437703083828715,54.612796783447266,502800,0.0,0.0
2012-05-04 00:00:00-04:00,54.18756223082765,54.23759354280128,52.7951459717168,53.07863235473633,483500,0.0,0.0
2012-05-07 00:00:00-04:00,52.72843347281034,54.0541484481791,52.645053272096604,53.570552825927734,641600,0.0,0.0
2012-05-08 00:00:00-04:00,53.0702965925443,53.14533720019097,52.07809264914606,52.73678207397461,786500,0.0,0.0
2012-05-09 00:00:00-04:00,51.69454736524511,52.38658880022409,50.668994629835986,52.203155517578125,1107400,0.0,0.0
2012-05-10 00:00:00-04:00,52.820153737876716,53.070291191662974,52.2615206338484,52.44495391845703,543800,0.0,0.0
2012-05-11 00:00:00-04:00,51.844631131845254,53.17034632975327,51.744578054822945,52.76179122924805,477700,0.0,0.0
2012-05-14 00:00:00-04:00,51.777923080744934,52.06974903942147,50.73569432967817,50.835750579833984,778500,0.0,0.0
2012-05-15 00:00:00-04:00,50.84409052567715,51.6528611102241,50.45221147038039,51.569480895996094,1198200,0.0,0.0
2012-05-16 00:00:00-04:00,52.52000386466698,54.10418999699139,51.88632686723289,52.36992263793945,2187300,0.0,0.0
2012-05-17 00:00:00-04:00,52.31155431771753,52.50332405352988,49.96862260685938,50.010311126708984,1257500,0.0,0.0
2012-05-18 00:00:00-04:00,50.26876762995796,50.55225391964201,49.31825571179058,49.443321228027344,1501500,0.0,0.0
2012-05-21 00:00:00-04:00,49.52670893367168,51.73623186204078,49.09314141421939,51.43606948852539,1643500,0.0,0.0
2012-05-22 00:00:00-04:00,51.152593800929004,51.40273128466635,49.27658175668031,49.668460845947266,1809600,0.0,0.0
2012-05-23 00:00:00-04:00,49.16818290828425,50.18539597195075,48.25101973011623,50.110355377197266,1653400,0.0,0.0
2012-05-24 00:00:00-04:00,50.39384754764956,50.9191317717201,49.49336348701576,50.43553924560547,909500,0.0,0.0
2012-05-25 00:00:00-04:00,50.910796648813395,51.45275374923753,50.36883636775918,51.219295501708984,923900,0.0,0.0
2012-05-29 00:00:00-04:00,51.98638458665065,53.34545218051532,51.96971172053464,53.09531784057617,1489700,0.0,0.0
2012-05-30 00:00:00-04:00,52.30321932392862,52.561693258828655,50.61897689211236,50.67734146118164,950000,0.0,0.0
2012-05-31 00:00:00-04:00,50.86075663859439,50.935797226433884,49.434988650273354,50.61062240600586,3770500,0.0,0.0
2012-06-01 00:00:00-04:00,48.53450678740278,49.193196108821176,47.27549587968798,47.44225311279297,1400100,0.0,0.0
2012-06-04 00:00:00-04:00,47.7340837647852,48.07593471779688,46.57512573337072,47.7424201965332,1000100,0.0,0.0
2012-06-05 00:00:00-04:00,47.675724214018764,49.793534331292854,47.675724214018764,49.510047912597656,1043000,0.0,0.0
2012-06-06 00:00:00-04:00,49.84355201440366,51.02752565404109,49.84355201440366,50.452213287353516,682700,0.0,0.0
2012-06-07 00:00:00-04:00,51.277662703254805,52.49498531464748,50.23543378652198,50.31047439575195,802700,0.0,0.0
2012-06-08 00:00:00-04:00,50.14371985868468,50.78573328796659,49.43500542903382,50.719032287597656,560200,0.0,0.0
2012-06-11 00:00:00-04:00,51.44441761486488,51.50278217708403,48.826339204588386,48.918052673339844,640300,0.0,0.0
2012-06-12 00:00:00-04:00,49.29326348512907,49.84356028767322,48.96808853552987,49.776859283447266,521800,0.0,0.0
2012-06-13 00:00:00-04:00,49.57605821450117,49.74337596251447,48.15386533468962,48.30445098876953,704200,0.2,0.0
2012-06-14 00:00:00-04:00,48.304455488936355,48.80640558841861,47.83596638911759,48.46340560913086,1248400,0.0,0.0
2012-06-15 00:00:00-04:00,48.83151102388426,49.72665755205766,48.72275717037191,49.592803955078125,716100,0.0,0.0
2012-06-18 00:00:00-04:00,49.31673461549225,50.52141704468615,48.99046665704317,50.46285629272461,574200,0.0,0.0
2012-06-19 00:00:00-04:00,50.78075387510438,51.89341122393689,50.78075387510438,51.6591682434082,466500,0.0,0.0
2012-06-20 00:00:00-04:00,51.659170727881516,52.36190289458571,51.316170693616456,51.71773147583008,707500,0.0,0.0
2012-06-21 00:00:00-04:00,51.64243682618693,51.78465806003906,49.0824833387403,49.400386810302734,779200,0.0,0.0
2012-06-22 00:00:00-04:00,49.63463800528778,49.70992766507445,48.572173635791415,49.14105224609375,1363400,0.0,0.0
2012-06-25 00:00:00-04:00,48.27097702026367,48.421562643832004,47.45112373156939,48.27097702026367,957900,0.0,0.0
2012-06-26 00:00:00-04:00,48.413211632755235,49.3585543295867,48.09531137719719,48.915164947509766,642800,0.0,0.0
2012-06-27 00:00:00-04:00,49.08248156261655,49.34182427889084,48.10367782394608,48.31282424926758,837600,0.0,0.0
2012-06-28 00:00:00-04:00,47.735571130153126,48.480131735618556,47.735571130153126,48.429935455322266,865400,0.0,0.0
2012-06-29 00:00:00-04:00,49.810305579676076,50.09474480099162,49.47567007530931,49.89396286010742,803800,0.0,0.0
2012-07-02 00:00:00-04:00,50.14493382476305,50.41264093001071,49.366909052849415,50.35408020019531,604700,0.0,0.0
2012-07-03 00:00:00-04:00,50.429392811687414,52.027271619350714,50.387564158451326,51.784664154052734,317600,0.0,0.0
2012-07-05 00:00:00-04:00,51.56713235745743,52.152742875793706,51.33288942665115,51.50857162475586,462200,0.0,0.0
2012-07-06 00:00:00-04:00,50.74728606855486,51.09028606191166,49.95252905234147,50.18677520751953,645500,0.0,0.0
2012-07-09 00:00:00-04:00,50.21186941840349,50.278794608680634,49.30835541475539,49.735015869140625,400400,0.0,0.0
2012-07-10 00:00:00-04:00,50.22861822778439,50.546518572196305,48.85661786168934,49.2581787109375,558600,0.0,0.0
2012-07-11 00:00:00-04:00,49.35019126426313,49.39201991050482,47.62682359374371,47.93635940551758,814900,0.0,0.0
2012-07-12 00:00:00-04:00,47.727211666884585,47.727211666884585,46.56435810029777,47.29218673706055,799600,0.0,0.0
2012-07-13 00:00:00-04:00,47.7774143327861,48.639096663635364,47.7774143327861,48.471778869628906,707800,0.0,0.0
2012-07-16 00:00:00-04:00,48.37137580955858,48.43830418478902,47.501326079486354,47.95308303833008,660500,0.0,0.0
2012-07-17 00:00:00-04:00,48.35466129443607,48.39648994850105,47.49297889367492,47.8778076171875,1047900,0.0,0.0
2012-07-18 00:00:00-04:00,46.21298242988654,46.86551807050421,44.4896152253821,46.522518157958984,2089100,0.0,0.0
2012-07-19 00:00:00-04:00,46.5978263071923,48.32119088733178,46.02058010475454,48.12877655029297,1485700,0.0,0.0
2012-07-20 00:00:00-04:00,47.685385331215585,48.07021399077848,47.44277471010459,47.74394607543945,1509200,0.0,0.0
2012-07-23 00:00:00-04:00,46.84879569605273,47.66864923777514,46.35521004231648,47.43440628051758,1547800,0.0,0.0
2012-07-24 00:00:00-04:00,47.484599841354985,47.635185512872724,45.50189275479941,45.87835693359375,1152300,0.0,0.0
2012-07-25 00:00:00-04:00,46.35521584412641,46.76514426195465,45.9369229730582,46.129337310791016,685900,0.0,0.0
2012-07-26 00:00:00-04:00,46.93245431324159,47.208529113250805,46.42213974065786,47.15833282470703,557600,0.0,0.0
2012-07-27 00:00:00-04:00,47.52643127083362,48.76457763282314,47.27545302623334,48.62235641479492,733100,0.0,0.0
2012-07-30 00:00:00-04:00,48.597267127101944,49.26653509960646,48.128777950688075,48.706024169921875,718300,0.0,0.0
2012-07-31 00:00:00-04:00,48.42994933614546,49.05738865874121,48.312827839872355,48.706024169921875,670000,0.0,0.0
2012-08-01 00:00:00-04:00,48.9151669754163,49.24143488830645,48.31282424926758,48.31282424926758,452600,0.0,0.0
2012-08-02 00:00:00-04:00,47.618454636598315,48.25426153069539,46.56435810029777,47.29218673706055,718900,0.0,0.0
2012-08-03 00:00:00-04:00,48.614001855694724,49.442220019193634,48.60563421046737,48.96536636352539,447000,0.0,0.0
2012-08-06 00:00:00-04:00,49.29163107597304,49.70992395282137,49.11594883361387,49.450584411621094,436100,0.0,0.0
2012-08-07 00:00:00-04:00,49.927436471546535,50.57997231776118,49.60953300153268,50.38755798339844,673300,0.0,0.0
2012-08-08 00:00:00-04:00,50.11984749870916,50.55487243125388,49.927433177043035,50.345726013183594,337900,0.0,0.0
2012-08-09 00:00:00-04:00,50.362451394858304,51.13210857890589,50.345719300685005,50.9229621887207,326800,0.0,0.0
2012-08-10 00:00:00-04:00,50.69710148630903,51.065201304590744,50.220247804736594,51.023372650146484,274800,0.0,0.0
2012-08-13 00:00:00-04:00,50.61342890252527,51.10701453517794,50.454478787078784,51.09028244018555,462600,0.0,0.0
2012-08-14 00:00:00-04:00,51.19068320681941,51.39146520007371,50.387561616445225,50.5632438659668,566400,0.0,0.0
2012-08-15 00:00:00-04:00,50.47957286275071,51.023354753760465,50.47957286275071,50.9229621887207,336100,0.0,0.0
2012-08-16 00:00:00-04:00,51.04008615246975,51.383086121493314,50.69708618344619,51.199039459228516,504800,0.0,0.0
2012-08-17 00:00:00-04:00,51.11537981147107,51.40818669157946,50.93133314622785,51.29106521606445,423500,0.0,0.0
2012-08-20 00:00:00-04:00,51.073552005026,51.19067348245824,50.655259190584644,51.16557693481445,440400,0.0,0.0
2012-08-21 00:00:00-04:00,50.93133954250607,51.065193130093526,48.63072881181333,49.24143600463867,1414500,0.0,0.0
2012-08-22 00:00:00-04:00,49.04064769974823,49.141040270975836,48.21242973070597,48.48013687133789,1449100,0.0,0.0
2012-08-23 00:00:00-04:00,48.471770683790446,48.471770683790446,47.2085277754531,47.43440628051758,1539600,0.0,0.0
2012-08-24 00:00:00-04:00,47.45950131005009,47.56825833300634,46.80696555495429,47.18342971801758,907400,0.0,0.0
2012-08-27 00:00:00-04:00,47.35912544970289,47.35912544970289,46.11261112979536,46.27156448364258,1473600,0.0,0.0
2012-08-28 00:00:00-04:00,46.27155639506039,46.43887098265136,45.58555637370957,45.610652923583984,1507500,0.0,0.0
2012-08-29 00:00:00-04:00,45.786338806152344,45.86163165310028,45.35131382282217,45.786338806152344,1713300,0.0,0.0
2012-08-30 00:00:00-04:00,45.34294376407475,45.73613685724453,45.209090185083134,45.51026153564453,1073700,0.0,0.0
2012-08-31 00:00:00-04:00,45.87836375145777,46.17953513924954,45.259288877516745,45.786338806152344,1075700,0.0,0.0
2012-09-04 00:00:00-04:00,45.5437295459211,45.811436745103535,44.573290151054415,45.24256134033203,930200,0.0,0.0
2012-09-05 00:00:00-04:00,45.25928726763103,45.39314085840822,44.69040870899762,45.225826263427734,995400,0.0,0.0
2012-09-06 00:00:00-04:00,45.75286652909533,47.20015927253817,45.74450207705455,46.6396484375,965900,0.0,0.0
2012-09-07 00:00:00-04:00,46.84881922650376,47.66030872361463,46.5727442956556,47.61847686767578,1003900,0.0,0.0
2012-09-10 00:00:00-04:00,47.40093017584518,47.71046589032874,47.28380872665249,47.47622299194336,695000,0.0,0.0
2012-09-11 00:00:00-04:00,47.40930639889352,47.65191699893638,47.12487034668995,47.5013313293457,560400,0.0,0.0
2012-09-12 00:00:00-04:00,47.38379826040363,47.618872440932215,45.72150376806076,45.90620422363281,1450400,0.2,0.0
2012-09-13 00:00:00-04:00,45.43605334529987,45.53680078252997,44.38662489366396,44.898746490478516,2785200,0.0,0.0
2012-09-14 00:00:00-04:00,45.07504887912988,45.45284375534452,45.04146960326746,45.242958068847656,1577500,0.0,0.0
2012-09-17 00:00:00-04:00,45.066654621082414,45.1170283385102,44.80639521827424,44.881954193115234,728600,0.0,0.0
2012-09-18 00:00:00-04:00,44.37822976587244,44.5797182300931,43.53868702554977,44.22711181640625,1350900,0.0,0.0
2012-09-19 00:00:00-04:00,44.44539535240148,45.87261877454393,44.33625709262123,45.561988830566406,1951200,0.0,0.0
2012-09-20 00:00:00-04:00,45.02468829803274,45.10024728994659,44.71405510760798,44.98271179199219,971700,0.0,0.0
2012-09-21 00:00:00-04:00,45.310127710637,45.60396642107363,44.6468881041066,44.67207336425781,982200,0.0,0.0
2012-09-24 00:00:00-04:00,44.28589437552568,44.57133913088435,44.20194135443297,44.38663864135742,678200,0.0,0.0
2012-09-25 00:00:00-04:00,44.47897500058818,44.688860690399906,43.353987575093285,43.36238479614258,772100,0.0,0.0
2012-09-26 00:00:00-04:00,43.38757514830941,43.58906364072901,42.71594150257434,43.28683090209961,753100,0.0,0.0
2012-09-27 00:00:00-04:00,43.42954932128066,44.101182930991804,43.2532460992193,44.00043869018555,795300,0.0,0.0
2012-09-28 00:00:00-04:00,43.656222496778724,44.32785604851658,43.46312805081668,44.22711181640625,807900,0.0,0.0
2012-10-01 00:00:00-04:00,44.63010840690812,45.0918564438567,44.01724236476146,44.243919372558594,1104100,0.0,0.0
2012-10-02 00:00:00-04:00,44.39502525896867,44.54614322291515,44.09278933107573,44.49576950073242,703100,0.0,0.0
2012-10-03 00:00:00-04:00,44.470582557134776,44.78960651107426,44.26069685988963,44.5041618347168,658900,0.0,0.0
2012-10-04 00:00:00-04:00,44.78959747313273,45.318510220191435,44.65527078210523,45.12541580200195,718900,0.0,0.0
2012-10-05 00:00:00-04:00,45.444445551891604,45.86421688622712,45.28493039517939,45.62914276123047,992400,0.0,0.0
2012-10-08 00:00:00-04:00,45.150616123993295,45.31852534446471,44.72245065426311,44.99110412597656,613500,0.0,0.0
2012-10-09 00:00:00-04:00,44.95751310375858,44.95751310375858,44.084387885198666,44.22711181640625,872300,0.0,0.0
2012-10-10 00:00:00-04:00,44.34465953482971,44.36984479916266,43.46314005455142,43.521907806396484,561100,0.0,0.0
2012-10-11 00:00:00-04:00,44.000442710631255,44.31107268301799,43.84932473431296,43.93328094482422,398700,0.0,0.0
2012-10-12 00:00:00-04:00,43.99203998338624,44.403414124359834,43.53868614416523,43.664615631103516,344200,0.0,0.0
2012-10-15 00:00:00-04:00,43.70659304036124,44.176734891137485,43.538683863969226,43.95005798339844,1245600,0.0,0.0
2012-10-16 00:00:00-04:00,44.27748707407228,45.23456531891842,43.80734197019984,45.16740036010742,896800,0.0,0.0
2012-10-17 00:00:00-04:00,45.29333371195045,45.696313862842835,45.10023925647712,45.57038116455078,840100,0.0,0.0
2012-10-18 00:00:00-04:00,44.36985164362396,47.0983667241379,43.656241288222965,46.77934265136719,2688100,0.0,0.0
2012-10-19 00:00:00-04:00,46.754156209904146,47.232695542433916,46.08252233991525,46.45192337036133,1820200,0.0,0.0
2012-10-22 00:00:00-04:00,46.28400780908504,47.20750385442881,46.28400780908504,47.16552734375,1466400,0.0,0.0
2012-10-23 00:00:00-04:00,46.00694528795275,46.829696856376025,45.67952410489266,46.535858154296875,1385100,0.0,0.0
2012-10-24 00:00:00-04:00,46.922056777944654,47.01440701843295,46.099305039434356,46.183258056640625,1086800,0.0,0.0
2012-10-25 00:00:00-04:00,46.502278016848614,46.63660474494029,45.88101810040031,46.25041580200195,796500,0.0,0.0
2012-10-26 00:00:00-04:00,46.24203169302049,46.7373590069009,46.07412244626988,46.4183349609375,753600,0.0,0.0
2012-10-31 00:00:00-04:00,46.56102762833917,46.59461009793479,46.1496535848948,46.267189025878906,719700,0.0,0.0
2012-11-01 00:00:00-04:00,46.49388744243461,47.91271381319313,45.864230257362756,47.677642822265625,1062800,0.0,0.0
2012-11-02 00:00:00-04:00,47.946283664852736,48.01344541487736,46.82969034695732,47.20748519897461,721500,0.0,0.0
2012-11-05 00:00:00-05:00,46.99760543089517,47.744798008431296,46.99760543089517,47.694427490234375,688900,0.0,0.0
2012-11-06 00:00:00-05:00,47.76158989186069,48.22333779629294,47.6020779110864,47.870731353759766,734900,0.0,0.0
2012-11-07 00:00:00-05:00,47.0815620597833,47.37540076060583,46.23362203294978,46.60301971435547,831600,0.0,0.0
2012-11-08 00:00:00-05:00,46.61979926327572,47.165503230922766,45.738280179277375,45.74667739868164,912200,0.0,0.0
2012-11-09 00:00:00-05:00,45.57878835704481,46.38474883514864,45.23457586935866,45.51162338256836,740700,0.0,0.0
2012-11-12 00:00:00-05:00,45.80544127804111,46.636586583629025,45.80544127804111,46.267189025878906,444100,0.0,0.0
2012-11-13 00:00:00-05:00,46.30918078478278,47.5265184870088,46.30918078478278,46.720558166503906,854100,0.0,0.0
2012-11-14 00:00:00-05:00,46.77092693991423,47.33342226106886,45.52001000628936,45.62075424194336,485100,0.0,0.0
2012-11-15 00:00:00-05:00,46.03213824730403,46.099300013225935,44.999497673162246,45.40248107910156,636800,0.0,0.0
2012-11-16 00:00:00-05:00,45.5955696105957,45.98175852141385,45.31851895548602,45.5955696105957,879800,0.0,0.0
2012-11-19 00:00:00-05:00,46.33436190596351,47.67763218944206,46.33436190596351,47.33341979980469,820100,0.0,0.0
2012-11-20 00:00:00-05:00,47.27465524861696,47.81196211714966,47.190699048782754,47.35860824584961,857700,0.0,0.0
2012-11-21 00:00:00-05:00,47.52651744291647,47.78677365589862,47.123537291516946,47.35860824584961,457000,0.0,0.0
2012-11-23 00:00:00-05:00,47.66923485962773,48.777430999465544,47.59367588633872,48.307289123535156,335800,0.0,0.0
2012-11-26 00:00:00-05:00,48.06383572874949,48.542374972373395,47.86234400388569,48.26532745361328,503000,0.0,0.0
2012-11-27 00:00:00-05:00,47.954687914285465,48.76065150475054,47.039586056419395,48.61792755126953,752400,0.0,0.0
2012-11-28 00:00:00-05:00,48.567562873899774,49.71773912778168,48.21495633949685,49.69255065917969,1013600,0.0,0.0
2012-11-29 00:00:00-05:00,49.93600592106495,50.8175252304546,49.74291145920638,50.515289306640625,1151600,0.0,0.0
2012-11-30 00:00:00-05:00,50.37257322668259,50.9686479079072,49.98638426723583,50.19626998901367,1041600,0.0,0.0
2012-12-03 00:00:00-05:00,50.46492222455976,50.82592591341175,49.331537433070274,49.39030838012695,939400,0.0,0.0
2012-12-04 00:00:00-05:00,49.474261607617734,49.86045055936742,49.20560814530474,49.499446868896484,548800,0.0,0.0
2012-12-05 00:00:00-05:00,49.524632783862586,49.936006975718584,49.13004663026046,49.65056228637695,462500,0.0,0.0
2012-12-06 00:00:00-05:00,49.658953994522754,49.89402493519792,49.40708861225493,49.684139251708984,439500,0.0,0.0
2012-12-07 00:00:00-05:00,49.85206863209057,49.87725389947835,49.48266762985566,49.700950622558594,478300,0.0,0.0
2012-12-10 00:00:00-05:00,49.70094335463038,50.338994588436826,49.1048686278661,50.171085357666016,437100,0.0,0.0
2012-12-11 00:00:00-05:00,50.28861999511719,50.90148591566766,50.10391953594238,50.28861999511719,715500,0.0,0.0
2012-12-12 00:00:00-05:00,50.600282943903295,50.72663752505945,49.82531760524829,50.02748107910156,370100,0.2,0.0
2012-12-13 00:00:00-05:00,49.98537148354883,50.54132594035955,49.59788875587218,49.92640686035156,609800,0.0,0.0
2012-12-14 00:00:00-05:00,50.002224678650364,50.440249939006684,49.707398315719274,50.01064682006836,365500,0.0,0.0
2012-12-17 00:00:00-05:00,50.01906066017667,50.72663926965925,50.01906066017667,50.70136642456055,734000,0.0,0.0
2012-12-18 00:00:00-05:00,50.69295193752735,52.07441438045579,50.69295193752735,52.04914474487305,774700,0.0,0.0
2012-12-19 00:00:00-05:00,52.01545302974117,52.65564180701068,52.01545302974117,52.242889404296875,792000,0.0,0.0
2012-12-20 00:00:00-05:00,52.2007711901401,52.453477196635745,51.78801558264328,52.268157958984375,474600,0.0,0.0
2012-12-21 00:00:00-05:00,51.49317753042431,52.31868529300198,51.156234143795345,51.93962478637695,1179400,0.0,0.0
2012-12-24 00:00:00-05:00,51.74588322735367,52.209177971854444,51.47632980461394,52.16706085205078,156700,0.0,0.0
2012-12-26 00:00:00-05:00,52.27658424569587,52.56298524838679,51.846981134993854,51.948062896728516,327400,0.0,0.0
2012-12-27 00:00:00-05:00,52.07441702691236,52.34397053126406,51.147827257369784,51.97333526611328,372900,0.0,0.0
2012-12-28 00:00:00-05:00,51.61110387372024,51.897504772385005,51.26573836768303,51.29100799560547,228000,0.0,0.0
2012-12-31 00:00:00-05:00,51.05515892447509,52.52928080565144,51.05515892447509,52.32711410522461,343700,0.0,0.0
2013-01-02 00:00:00-05:00,53.64960409502452,54.51723217755144,53.64960409502452,54.16344451904297,568100,0.0,0.0
2013-01-03 00:00:00-05:00,54.188714740767146,54.500382070008094,53.54852295170542,53.809654235839844,408000,0.0,0.0
2013-01-04 00:00:00-05:00,53.75911952939076,54.59304954735884,53.72542454334559,54.44142532348633,441300,0.0,0.0
2013-01-07 00:00:00-05:00,54.01182937923773,54.82048977433614,53.91074441985236,54.71097946166992,668600,0.0,0.0
2013-01-08 00:00:00-05:00,54.24767995203412,54.40772308107686,53.50640642455788,53.71699523925781,318000,0.0,0.0
2013-01-09 00:00:00-05:00,53.82650636241325,54.171868702577704,53.56537505578804,54.01182556152344,389800,0.0,0.0
2013-01-10 00:00:00-05:00,54.25611355408202,54.50881631415067,53.67488628059943,54.0539436340332,403400,0.0,0.0
2013-01-11 00:00:00-05:00,54.045524738824504,54.11290828555176,53.53168422506159,53.885475158691406,406300,0.0,0.0
2013-01-14 00:00:00-05:00,53.83493164132701,54.44142532348633,53.70015491047708,54.44142532348633,259200,0.0,0.0
2013-01-15 00:00:00-05:00,54.41616356209662,55.04793018184231,54.15503541580036,54.83734130859375,793000,0.0,0.0
2013-01-16 00:00:00-05:00,54.6435976406443,54.75310153010629,54.264533850977294,54.424583435058594,377600,0.0,0.0
2013-01-17 00:00:00-05:00,54.76994844281536,55.241671864183736,54.62674955894553,54.97211837768555,640800,0.0,0.0
2013-01-18 00:00:00-05:00,55.20796540059827,55.20796540059827,54.188716290784846,54.281375885009766,754700,0.0,0.0
2013-01-22 00:00:00-05:00,54.35718920089118,54.50038806665855,53.89389440537295,54.188720703125,1056600,0.0,0.0
2013-01-23 00:00:00-05:00,55.36803324349886,57.069588630278844,53.809673544783905,54.47513198852539,2728900,0.0,0.0
2013-01-24 00:00:00-05:00,53.481142535306624,53.56537678489552,51.13939247943368,52.31869125366211,1892000,0.0,0.0
2013-01-25 00:00:00-05:00,52.66405368259672,52.899912138066725,51.73746092563657,52.58824157714844,1025300,0.0,0.0
2013-01-28 00:00:00-05:00,52.64722762526941,53.36322863564037,52.31028408313498,53.203182220458984,879900,0.0,0.0
2013-01-29 00:00:00-05:00,53.059967010354356,53.489566841991426,52.958882050755584,53.22843551635742,663600,0.0,0.0
2013-01-30 00:00:00-05:00,53.287393234655994,53.287393234655994,52.50400578587527,52.6387825012207,552400,0.0,0.0
2013-01-31 00:00:00-05:00,52.21760778378131,52.25129955450373,51.61953306349813,51.644805908203125,715100,0.0,0.0
2013-02-01 00:00:00-05:00,52.20075726806024,52.20075726806024,51.5184483404975,52.015438079833984,725300,0.0,0.0
2013-02-04 00:00:00-05:00,51.585842453692514,52.21760895891574,51.48475749925876,51.88908767700195,609600,0.0,0.0
2013-02-05 00:00:00-05:00,52.1418053253094,52.815689064419935,52.1418053253094,52.45347595214844,687200,0.0,0.0
2013-02-06 00:00:00-05:00,52.04914492912239,52.76514578870393,51.93121567821071,52.25130844116211,562700,0.0,0.0
2013-02-07 00:00:00-05:00,52.28499812487752,52.3018456180596,51.5437244915198,51.87224578857422,509300,0.0,0.0
2013-02-08 00:00:00-05:00,52.040723910326534,53.0852461873172,52.040723910326534,52.78199768066406,422700,0.0,0.0
2013-02-11 00:00:00-05:00,52.798839431771654,53.01785043311698,52.562980935964234,52.86622619628906,428200,0.0,0.0
2013-02-12 00:00:00-05:00,52.60510021751914,53.017852602067755,52.4534759744883,52.81568908691406,376300,0.0,0.0
2013-02-13 00:00:00-05:00,53.95286068999507,56.294607445831396,53.95286068999507,55.721805572509766,1949000,0.0,0.0
2013-02-14 00:00:00-05:00,55.469096939180275,55.58702617070315,54.98895466036256,55.09846496582031,585300,0.0,0.0
2013-02-15 00:00:00-05:00,55.06477771585589,55.47753008416024,54.75310388781921,55.10689163208008,378800,0.0,0.0
2013-02-19 00:00:00-05:00,55.30063874364542,56.27776776204976,55.30063874364542,55.4606819152832,731100,0.0,0.0
2013-02-20 00:00:00-05:00,55.34275479814416,55.5364993944423,53.952873338887684,53.9612922668457,462100,0.0,0.0
2013-02-21 00:00:00-05:00,53.70857402833431,54.146599182283154,53.287396366460094,54.02024459838867,694100,0.0,0.0
2013-02-22 00:00:00-05:00,54.31509450253664,54.9637055176955,54.23927915306099,54.753116607666016,551300,0.0,0.0
2013-02-25 00:00:00-05:00,55.01422996971623,55.01422996971623,53.40533447265625,53.40533447265625,665100,0.0,0.0
2013-02-26 00:00:00-05:00,53.64119573754032,54.04552918447121,53.48957149827401,53.79281997680664,515600,0.0,0.0
2013-02-27 00:00:00-05:00,53.792819237289116,55.191125934266694,53.73385461319962,54.93842315673828,244900,0.0,0.0
2013-02-28 00:00:00-05:00,54.929988036169746,55.35959103624449,54.82048416137695,54.82048416137695,350400,0.0,0.0
2013-03-01 00:00:00-05:00,54.256102792758114,54.45826624604762,53.38847473128933,54.1550178527832,718200,0.0,0.0
2013-03-04 00:00:00-05:00,53.9949876278099,54.315086838955004,53.33795134948854,53.56538772583008,704200,0.0,0.0
2013-03-05 00:00:00-05:00,53.9191644392235,54.55093091289666,53.455866454532156,53.540103912353516,1125300,0.0,0.0
2013-03-06 00:00:00-05:00,53.86862662737218,54.96368796719419,53.72542454334559,54.44142532348633,921400,0.0,0.0
2013-03-07 00:00:00-05:00,54.53409772225058,54.90473622903845,53.93602603962841,54.087650299072266,545900,0.0,0.0
2013-03-08 00:00:00-05:00,54.48354273108336,55.29220307267092,54.18029429965539,55.26693344116211,648700,0.0,0.0
2013-03-11 00:00:00-04:00,55.09004735092281,55.15743732887593,54.59305429684604,55.10689163208008,415000,0.0,0.0
2013-03-12 00:00:00-04:00,55.14902675225634,55.44384995147219,54.66045892117651,54.66888427734375,439200,0.0,0.0
2013-03-13 00:00:00-04:00,54.863341111626085,55.18462203521748,54.49132686813897,54.93943786621094,388600,0.24,0.0
2013-03-14 00:00:00-04:00,55.11696632668764,55.46361054639802,54.73649560689051,55.42979049682617,271400,0.0,0.0
2013-03-15 00:00:00-04:00,55.23533710389086,55.243787278983426,53.349909525278974,53.44291305541992,1321200,0.0,0.0
2013-03-18 00:00:00-04:00,52.715807117516555,53.09627470376193,52.487529791027555,52.791900634765625,1054200,0.0,0.0
2013-03-19 00:00:00-04:00,52.89335734158479,53.096271224112265,52.411432839009514,52.935630798339844,597400,0.0,0.0
2013-03-20 00:00:00-04:00,53.23154653643244,53.40909698434011,52.44524800968945,52.58898162841797,526500,0.0,0.0
2013-03-21 00:00:00-04:00,52.20851352549128,52.817261597871024,51.540581971103265,52.58052444458008,922000,0.0,0.0
2013-03-22 00:00:00-04:00,52.74961719291028,52.791890644435895,51.55748779844532,51.7181282043457,678600,0.0,0.0
2013-03-25 00:00:00-04:00,51.86186541231545,52.54670698552887,51.35457750825519,52.267696380615234,737000,0.0,0.0
2013-03-26 00:00:00-04:00,52.41143029549284,52.80035123917792,52.22542322448786,52.42833709716797,471700,0.0,0.0
2013-03-27 00:00:00-04:00,52.02249668589473,52.69888473943683,51.794216201612855,52.20850372314453,658700,0.0,0.0
2013-03-28 00:00:00-04:00,52.11551015153503,52.994812208761736,51.853412794756714,52.859535217285156,436100,0.0,0.0
2013-04-01 00:00:00-04:00,52.60589773642687,52.876451752681206,51.50676841697808,51.82805252075195,746900,0.0,0.0
2013-04-02 00:00:00-04:00,51.997138821112586,52.02250224699167,51.515214377864346,51.70967483520508,581200,0.0,0.0
2013-04-03 00:00:00-04:00,51.743497025995104,52.14932798312844,50.54291095570846,50.9487419128418,597900,0.0,0.0
2013-04-04 00:00:00-04:00,51.04175207500035,51.81959726281585,51.04175207500035,51.61668014526367,387400,0.0,0.0
2013-04-05 00:00:00-04:00,50.830375358728325,52.44524579957894,50.78810190509242,52.22542190551758,770100,0.0,0.0
2013-04-08 00:00:00-04:00,52.09014656147474,52.96099198981742,51.61667548015073,52.58052444458008,632600,0.0,0.0
2013-04-09 00:00:00-04:00,52.76654063108044,53.003274600004396,51.80269150016611,52.35225296020508,676200,0.0,0.0
2013-04-10 00:00:00-04:00,51.64205120010955,52.65662719852726,51.10939654325934,52.62281036376953,1075800,0.0,0.0
2013-04-11 00:00:00-04:00,52.707338499000564,53.493636875149015,52.30150759925577,52.36069107055664,937900,0.0,0.0
2013-04-12 00:00:00-04:00,52.335326007831256,52.47060297017536,51.14319676928101,51.4644775390625,731200,0.0,0.0
2013-04-15 00:00:00-04:00,51.033296091771746,51.15166306049856,49.80734649733629,50.08635711669922,861200,0.0,0.0
2013-04-16 00:00:00-04:00,50.68664144657259,52.11550472175294,50.204717013069136,52.09014129638672,719500,0.0,0.0
2013-04-17 00:00:00-04:00,51.41376733991449,51.65050129434839,50.74583571103803,50.93184280395508,950100,0.0,0.0
2013-04-18 00:00:00-04:00,49.84961237930501,49.874979029647704,48.200922018360274,48.82658004760742,2157100,0.0,0.0
2013-04-19 00:00:00-04:00,48.25165356825307,49.85807052805858,47.888096079720846,49.73124694824219,1526500,0.0,0.0
2013-04-22 00:00:00-04:00,49.705872488622205,50.28925373071133,48.987211071287824,49.874969482421875,774800,0.0,0.0
2013-04-23 00:00:00-04:00,50.09481118248326,50.44145869203527,49.722800243655605,49.98489761352539,843500,0.0,0.0
2013-04-24 00:00:00-04:00,50.17935552090304,50.65282660304328,49.70588766402068,49.88343811035156,1667900,0.0,0.0
2013-04-25 00:00:00-04:00,50.28927528894521,50.36536880751234,49.94262775441906,50.12017822265625,1125800,0.0,0.0
2013-04-26 00:00:00-04:00,50.22162138151562,50.4076251886793,49.45223305458002,49.76506042480469,610700,0.0,0.0
2013-04-29 00:00:00-04:00,49.86653131235216,50.44991277032629,49.66361742490815,50.280818939208984,845100,0.0,0.0
2013-04-30 00:00:00-04:00,50.43299313069901,51.785762786865234,50.09479910402882,51.785762786865234,1170600,0.0,0.0
2013-05-01 00:00:00-04:00,51.42221046125916,51.77731454717472,49.925707065791464,49.99334716796875,648000,0.0,0.0
2013-05-02 00:00:00-04:00,50.238532542993276,50.728913589145264,49.90879512070503,50.62745666503906,465700,0.0,0.0
2013-05-03 00:00:00-04:00,51.18547574558232,52.377605112935484,51.18547574558232,51.802677154541016,466100,0.0,0.0
2013-05-06 00:00:00-04:00,51.76041367387175,52.1577880560252,51.532133126545396,52.03942108154297,563900,0.0,0.0
2013-05-07 00:00:00-04:00,52.047869361278345,52.80034777145813,51.954865831883964,52.57206726074219,686500,0.0,0.0
2013-05-08 00:00:00-04:00,52.419891475973834,53.713478088378906,52.34379795611128,53.713478088378906,807400,0.0,0.0
2013-05-09 00:00:00-04:00,53.58663884483302,54.026289779824054,53.20617137943143,53.578182220458984,534400,0.0,0.0
2013-05-10 00:00:00-04:00,53.73883639578857,54.28839775362557,53.5866493797087,54.2376708984375,600800,0.0,0.0
2013-05-13 00:00:00-04:00,54.237666740741794,54.288393592041295,53.79801575301981,54.085479736328125,710200,0.0,0.0
2013-05-14 00:00:00-04:00,53.992488614962326,54.95633771421648,53.992488614962326,54.83797073364258,557100,0.0,0.0
2013-05-15 00:00:00-04:00,54.694232100312796,55.66653123023214,54.68577547425247,55.6580810546875,635600,0.0,0.0
2013-05-16 00:00:00-04:00,55.5312590391065,56.36828442835297,55.50589561072265,56.03009033203125,837000,0.0,0.0
2013-05-17 00:00:00-04:00,56.31755895840752,57.1968610502905,56.20764861586565,56.934757232666016,715400,0.0,0.0
2013-05-20 00:00:00-04:00,56.82483938943178,56.82483938943178,55.801807034527265,56.07236099243164,887800,0.0,0.0
2013-05-21 00:00:00-04:00,56.190731061962005,57.027756407753614,56.190731061962005,56.59656524658203,431400,0.0,0.0
2013-05-22 00:00:00-04:00,56.59654935831344,57.45893788907503,55.818701260365536,56.16535186767578,444200,0.0,0.0
2013-05-23 00:00:00-04:00,55.472068747407604,56.32600728444163,54.96478089044737,56.31755065917969,600700,0.0,0.0
2013-05-24 00:00:00-04:00,55.98781724429264,56.30909807161837,55.86945028419814,56.173824310302734,439500,0.0,0.0
2013-05-28 00:00:00-04:00,56.91785645981042,57.29832083627373,56.807946105625106,57.28141403198242,781700,0.0,0.0
2013-05-29 00:00:00-04:00,56.714932586828134,57.3152240166643,56.579652374209275,57.06157684326172,448800,0.0,0.0
2013-05-30 00:00:00-04:00,57.10385018064973,58.36361644699313,57.027753452875864,58.338253021240234,1031500,0.0,0.0
2013-05-31 00:00:00-04:00,57.763326905976484,57.95779059384786,56.503560599205755,56.57965087890625,992000,0.0,0.0
2013-06-03 00:00:00-04:00,56.562767110507835,56.70649755325748,55.09162971594282,55.58200454711914,933800,0.0,0.0
2013-06-04 00:00:00-04:00,55.62425712647428,56.34291547916727,55.25224301192088,55.674983978271484,345700,0.0,0.0
2013-06-05 00:00:00-04:00,55.48898756907253,55.72572797409104,54.651962101221315,54.778785705566406,450700,0.0,0.0
2013-06-06 00:00:00-04:00,54.78724455479394,55.286075914796015,53.61202168593685,54.42368698120117,1116700,0.0,0.0
2013-06-07 00:00:00-04:00,54.44903317535798,54.55894349517709,53.54436784149623,54.22920608520508,673400,0.0,0.0
2013-06-10 00:00:00-04:00,54.381405376821874,54.54204903101534,53.29073275467307,53.6881103515625,942800,0.0,0.0
2013-06-11 00:00:00-04:00,53.05398767896494,53.60355218805319,52.38605622336719,53.13008117675781,583400,0.0,0.0
2013-06-12 00:00:00-04:00,53.562930323214225,53.72418659172154,52.47656548774896,52.51900100708008,593700,0.24,0.0
2013-06-13 00:00:00-04:00,52.34078246556229,53.94487277714088,52.21347586909082,53.77512741088867,398800,0.0,0.0
2013-06-14 00:00:00-04:00,53.80057503124861,54.05519140004809,53.38470238432145,53.452598571777344,409600,0.0,0.0
2013-06-17 00:00:00-04:00,53.97030498890496,54.18248577542564,53.38468718365175,53.72417449951172,524100,0.0,0.0
2013-06-18 00:00:00-04:00,53.65630455216016,54.666287661635295,53.65630455216016,54.30982208251953,267100,0.0,0.0
2013-06-19 00:00:00-04:00,54.30132082884299,54.39467767994808,53.775113245931244,53.80906295776367,368700,0.0,0.0
2013-06-20 00:00:00-04:00,52.985801168948406,53.52898361716872,52.586900142076644,52.833030700683594,851100,0.0,0.0
2013-06-21 00:00:00-04:00,53.147058589199204,53.231932872072704,52.17102861832523,52.59539031982422,976900,0.0,0.0
2013-06-24 00:00:00-04:00,52.026748946910686,52.408675162420565,51.13558993580306,51.96733856201172,802800,0.0,0.0
2013-06-25 00:00:00-04:00,52.561434590721554,53.01974595291362,52.40866413665753,52.799076080322266,600400,0.0,0.0
2013-06-26 00:00:00-04:00,53.418660393186144,53.62235547478044,52.77363190378059,53.1810188293457,468100,0.0,0.0
2013-06-27 00:00:00-04:00,53.4865600811408,53.72420164608407,53.08765896488017,53.25740432739258,430300,0.0,0.0
2013-06-28 00:00:00-04:00,53.10461535926327,54.14005879668158,52.37471282059938,52.866973876953125,996300,0.0,0.0
2013-07-01 00:00:00-04:00,53.12160750908929,53.97033106524178,53.113121698082075,53.49504470825195,780700,0.0,0.0
2013-07-02 00:00:00-04:00,53.53748976232447,54.055208472762345,53.214973866583385,53.5035400390625,540500,0.0,0.0
2013-07-03 00:00:00-04:00,53.24042017807554,53.67327093884024,53.08764970223187,53.34226608276367,272600,0.0,0.0
2013-07-05 00:00:00-04:00,53.82603859354886,54.24191450047962,53.537475734303506,54.0382194519043,338800,0.0,0.0
2013-07-08 00:00:00-04:00,54.063687792981874,54.555945741197476,53.52899107951428,53.783607482910156,530600,0.0,0.0
2013-07-09 00:00:00-04:00,54.165535052265646,55.2943388934448,54.08066399489993,54.903926849365234,466900,0.0,0.0
2013-07-10 00:00:00-04:00,54.980301664083115,55.676254603809014,54.87845899866932,55.345252990722656,518600,0.0,0.0
2013-07-11 00:00:00-04:00,56.29581971870271,56.34674104614002,54.971806928126966,55.21793746948242,599200,0.0,0.0
2013-07-12 00:00:00-04:00,55.192482881009376,55.22643259478625,54.47955831743244,54.99728012084961,654200,0.0,0.0
2013-07-15 00:00:00-04:00,54.99727956662965,55.3961741301851,54.606861099752834,54.861480712890625,587200,0.0,0.0
2013-07-16 00:00:00-04:00,55.056683360945655,55.37070684097644,54.224931669395126,54.91239547729492,645000,0.0,0.0
2013-07-17 00:00:00-04:00,55.133066200669425,55.59137757141739,54.91239632395854,54.98878479003906,689400,0.0,0.0
2013-07-18 00:00:00-04:00,53.528976993130755,53.69872229659987,51.059192378641214,53.27436065673828,2510200,0.0,0.0
2013-07-19 00:00:00-04:00,53.01126204079669,53.48654830365089,52.44261892485974,53.316802978515625,1027800,0.0,0.0
2013-07-22 00:00:00-04:00,53.23194126627133,53.40168338353945,52.69724453153133,53.09614562988281,1004700,0.0,0.0
2013-07-23 00:00:00-04:00,53.33378739135587,53.56294313570613,53.019760588041834,53.308326721191406,603800,0.0,0.0
2013-07-24 00:00:00-04:00,53.45259422560041,53.59687887334957,52.875462109848804,53.16402816772461,798000,0.0,0.0
2013-07-25 00:00:00-04:00,53.096131994031275,53.42713357037085,52.79059108121859,53.02823257446289,1172100,0.0,0.0
2013-07-26 00:00:00-04:00,52.79059277885588,52.97730971342833,52.179510933579365,52.40018081665039,1034500,0.0,0.0
2013-07-29 00:00:00-04:00,52.137092476212025,52.629350494519386,51.98432196489713,52.40868377685547,946200,0.0,0.0
2013-07-30 00:00:00-04:00,52.451101586052204,53.38469919944994,52.22194589651701,52.51900100708008,1418200,0.0,0.0
2013-07-31 00:00:00-04:00,52.52749521528343,53.46109297796771,52.485059689166675,52.62934112548828,1172000,0.0,0.0
2013-08-01 00:00:00-04:00,53.03672327570579,53.37621067127369,52.88395281453232,52.943363189697266,1296900,0.0,0.0
2013-08-02 00:00:00-04:00,52.875469753252446,53.19798556752838,52.519007461912985,52.8924446105957,1831200,0.0,0.0
2013-08-05 00:00:00-04:00,52.90093671451551,53.7751208736513,52.73119136889861,53.69024658203125,1351900,0.0,0.0
2013-08-06 00:00:00-04:00,53.469565796338905,53.69872146683789,53.2488991715745,53.58838653564453,1008200,0.0,0.0
2013-08-07 00:00:00-04:00,53.308316586863064,53.74965313234461,53.104621551401294,53.57141876220703,1038500,0.0,0.0
2013-08-08 00:00:00-04:00,53.77512061848568,53.9788124421609,53.38470859175555,53.613861083984375,696000,0.0,0.0
2013-08-09 00:00:00-04:00,53.46109172154933,53.885453447989995,53.240421810731284,53.393192291259766,589000,0.0,0.0
2013-08-12 00:00:00-04:00,53.21495595118707,54.012754753512795,53.21495595118707,53.80906295776367,438400,0.0,0.0
2013-08-13 00:00:00-04:00,53.72419113497727,53.902422273813904,53.35923981014634,53.69873046875,415900,0.0,0.0
2013-08-14 00:00:00-04:00,53.68176029610588,54.012761936433705,53.17252750138971,53.40167999267578,556700,0.0,0.0
2013-08-15 00:00:00-04:00,52.98580413409737,53.18949594476744,52.620852799221964,53.01126480102539,788200,0.0,0.0
2013-08-16 00:00:00-04:00,52.83302606038329,53.01125717849735,52.51051029597035,52.87546157836914,494300,0.0,0.0
2013-08-19 00:00:00-04:00,52.70571899619328,53.15554457546362,52.58689824463523,52.9603385925293,503600,0.0,0.0
2013-08-20 00:00:00-04:00,52.90092818695347,53.50352099101428,52.79907905342737,52.97731018066406,335600,0.0,0.0
2013-08-21 00:00:00-04:00,52.86698261592148,53.25739461214435,52.5444668097438,52.64631271362305,311800,0.0,0.0
2013-08-22 00:00:00-04:00,52.82454078280295,53.45259422560041,52.63782061664139,53.16402816772461,253900,0.0,0.0
2013-08-23 00:00:00-04:00,53.410175077042325,53.53748490892162,52.94337775619077,53.33378982543945,485200,0.0,0.0
2013-08-26 00:00:00-04:00,53.35924446605329,53.98730126798484,53.3168089394308,53.40167999267578,586600,0.0,0.0
2013-08-27 00:00:00-04:00,52.917906051262946,53.503527306484514,52.620854137471596,53.12160110473633,633700,0.0,0.0
2013-08-28 00:00:00-04:00,53.045199528185066,53.35922620285775,52.93486460663227,53.0876350402832,467700,0.0,0.0
2013-08-29 00:00:00-04:00,52.960346664960326,53.66478547269479,52.93488275887182,53.26588439941406,407500,0.0,0.0
2013-08-30 00:00:00-04:00,53.25740662600143,53.63933289873255,52.680274311124116,52.93489074707031,578100,0.0,0.0
2013-09-03 00:00:00-04:00,53.5120060182797,53.707211998252454,52.36623080264142,52.73118209838867,1022300,0.0,0.0
2013-09-04 00:00:00-04:00,52.688735951312154,53.2998144321716,52.42563060305,52.84150314331055,793500,0.0,0.0
2013-09-05 00:00:00-04:00,52.96882275796881,53.44410898707623,52.697231552085306,52.9094123840332,560300,0.0,0.0
2013-09-06 00:00:00-04:00,53.113098061344836,53.367714367354885,52.28983554221107,52.58688735961914,674500,0.0,0.0
2013-09-09 00:00:00-04:00,52.782110775335006,53.22344736274441,52.55295505277879,52.79059982299805,488100,0.0,0.0
2013-09-10 00:00:00-04:00,53.24891169125086,54.403172885621125,53.20647292784454,54.394683837890625,1054900,0.0,0.0
2013-09-11 00:00:00-04:00,54.45430842241759,54.530984015881046,53.457571204481226,54.12206268310547,602600,0.24,0.0
2013-09-12 00:00:00-04:00,53.99428167528193,54.19873910727079,53.372385174144696,53.82389831542969,678300,0.0,0.0
2013-09-13 00:00:00-04:00,53.76426588966052,54.22429999712827,53.423499161952776,53.75574493408203,432500,0.0,0.0
2013-09-16 00:00:00-04:00,54.27541450707665,54.30097412485596,53.64500026492308,54.11355209350586,838700,0.0,0.0
2013-09-17 00:00:00-04:00,54.02836080587911,54.30949386342552,53.56832991593717,53.968727111816406,641000,0.0,0.0
2013-09-18 00:00:00-04:00,53.994290797260966,54.10503723755136,53.440545596637655,53.883541107177734,1035500,0.0,0.0
2013-09-19 00:00:00-04:00,54.03688830648171,54.854724709640934,53.951698233158325,54.164676666259766,653000,0.0,0.0
2013-09-20 00:00:00-04:00,54.22431301184136,54.65879085644007,53.645011385571834,53.815391540527344,1176400,0.0,0.0
2013-09-23 00:00:00-04:00,53.67054526502673,54.02834734022685,53.4234895941742,53.687583923339844,696000,0.0,0.0
2013-09-24 00:00:00-04:00,53.048667966380236,53.449068456465106,51.87302611769662,53.219051361083984,965000,0.0,0.0
2013-09-25 00:00:00-04:00,53.133854159252806,53.500177293691145,52.8527243408424,53.04866409301758,501800,0.0,0.0
2013-09-26 00:00:00-04:00,53.19349002945599,54.01132964778359,53.19349002945599,53.627967834472656,738000,0.0,0.0
2013-09-27 00:00:00-04:00,53.48312707986689,53.73018276830283,53.167920003119804,53.474609375,352700,0.0,0.0
2013-09-30 00:00:00-04:00,52.90383818023673,53.70463911857987,52.83568677579062,53.61944580078125,643200,0.0,0.0
2013-10-01 00:00:00-04:00,53.372389383710505,54.72692891440019,53.24460104129438,54.25837707519531,884600,0.0,0.0
2013-10-02 00:00:00-04:00,53.92612623954149,54.369121668735204,53.66203512295126,54.3265266418457,799800,0.0,0.0
2013-10-03 00:00:00-04:00,54.17317287123309,54.78654830524474,53.90907854908627,54.479862213134766,841600,0.0,0.0
2013-10-04 00:00:00-04:00,54.420239994980996,55.15288293849813,54.25837433611955,55.07621383666992,909900,0.0,0.0
2013-10-07 00:00:00-04:00,54.684333354627825,55.195480189386956,53.61092045192439,54.6417350769043,559600,0.0,0.0
2013-10-08 00:00:00-04:00,54.53099219067985,54.624703208081236,53.91761334935625,53.951690673828125,937200,0.0,0.0
2013-10-09 00:00:00-04:00,53.97724388566735,54.19873998219625,53.4746147533751,53.70463180541992,860000,0.0,0.0
2013-10-10 00:00:00-04:00,53.99430256216205,54.37766445767927,53.96874293593187,54.31802749633789,559500,0.0,0.0
2013-10-11 00:00:00-04:00,53.94316163113618,54.224294641195385,53.67054957581382,54.12206268310547,1220400,0.0,0.0
2013-10-14 00:00:00-04:00,54.01132121553934,54.68433371052644,53.92612790933015,54.51395034790039,654400,0.0,0.0
2013-10-15 00:00:00-04:00,54.522475064028605,54.99954464097149,54.20726791500666,54.726932525634766,769600,0.0,0.0
2013-10-16 00:00:00-04:00,55.00806025004673,55.238074059544985,54.65877905790719,54.880271911621094,1072700,0.0,0.0
2013-10-17 00:00:00-04:00,55.0762165171721,57.461570739746094,54.53950677991451,57.461570739746094,2281400,0.0,0.0
2013-10-18 00:00:00-04:00,56.98450590924315,57.427504665518626,56.601147350561256,57.33379364013672,931600,0.0,0.0
2013-10-21 00:00:00-04:00,57.45304851111175,57.49564028635474,56.69484601619403,56.8993034362793,850600,0.0,0.0
2013-10-22 00:00:00-04:00,57.086752283847886,57.45307552099157,56.99304123483993,57.24009704589844,559500,0.0,0.0
2013-10-23 00:00:00-04:00,57.07821561604276,57.453059708910985,56.90783548269473,57.41046142578125,407800,0.0,0.0
2013-10-24 00:00:00-04:00,57.333785300000805,57.73417921433302,57.22303237724995,57.58935546875,417500,0.0,0.0
2013-10-25 00:00:00-04:00,57.572320057333926,57.91308678191753,56.805596551916985,57.58935546875,378000,0.0,0.0
2013-10-28 00:00:00-04:00,57.47861126825503,57.74270240271689,56.89078880810711,57.180442810058594,472400,0.0,0.0
2013-10-29 00:00:00-04:00,57.16339002891749,57.44452302158233,56.43926491110682,56.941890716552734,564400,0.0,0.0
2013-10-30 00:00:00-04:00,57.01003233713293,57.188933337194676,56.20923831298734,56.44777297973633,527300,0.0,0.0
2013-10-31 00:00:00-04:00,56.52445967168,56.78855727754942,56.15813660509849,56.38815689086914,654100,0.0,0.0
2013-11-01 00:00:00-04:00,56.328535924899754,57.08673859444732,56.32001496805492,56.88227462768555,412700,0.0,0.0
2013-11-04 00:00:00-05:00,56.89930154700182,57.39341292042032,56.89930154700182,57.21451187133789,484900,0.0,0.0
2013-11-05 00:00:00-05:00,57.01005391079521,57.29970790115957,56.43927338514015,56.814117431640625,296600,0.0,0.0
2013-11-06 00:00:00-05:00,56.98449665085638,57.46156615740972,56.83967290773619,57.1463623046875,208500,0.0,0.0
2013-11-07 00:00:00-05:00,57.23154086020971,57.52118828825252,56.60112678184701,56.720394134521484,328400,0.0,0.0
2013-11-08 00:00:00-05:00,56.61818102103108,57.367862701416016,56.61818102103108,57.367862701416016,513100,0.0,0.0
2013-11-11 00:00:00-05:00,57.24859638388736,57.53825041329186,56.984505224395306,57.37638473510742,317200,0.0,0.0
2013-11-12 00:00:00-05:00,57.27416223928157,57.82790095745686,57.001550108941814,57.282676696777344,620900,0.0,0.0
2013-11-13 00:00:00-05:00,57.09524937874926,57.58083989429528,56.96746753222552,57.4275016784668,432100,0.0,0.0
2013-11-14 00:00:00-05:00,57.56378452209159,57.85343843947881,57.32524982517448,57.546749114990234,328100,0.0,0.0
2013-11-15 00:00:00-05:00,57.51267009950783,57.657493804124854,57.35080448871067,57.572303771972656,372000,0.0,0.0
2013-11-18 00:00:00-05:00,57.734196877350186,57.77679516829977,57.2912045495731,57.52973937988281,357300,0.0,0.0
2013-11-19 00:00:00-05:00,57.478619712139924,57.66604177042086,57.001550108941814,57.282676696777344,381300,0.0,0.0
2013-11-20 00:00:00-05:00,57.35934785526692,57.57232626866127,57.12932752903322,57.316749572753906,374700,0.0,0.0
2013-11-21 00:00:00-05:00,57.42748701693937,58.21124580691866,57.154868481728876,58.04085922241211,468700,0.0,0.0
2013-11-22 00:00:00-05:00,58.015334598444596,58.262390406449754,57.68308870137249,58.17720031738281,305600,0.0,0.0
2013-11-25 00:00:00-05:00,58.14311591378094,58.51796005961288,58.03236946141531,58.35609436035156,395500,0.0,0.0
2013-11-26 00:00:00-05:00,58.356070384785646,58.48385870014352,57.861959031846496,57.921592712402344,678300,0.0,0.0
2013-11-27 00:00:00-05:00,57.95568615400597,58.80759982729628,57.725672322035216,58.78204345703125,522900,0.0,0.0
2013-11-29 00:00:00-05:00,58.9438944657621,59.20798555889174,58.5094167806263,58.53497314453125,267000,0.0,0.0
2013-12-02 00:00:00-05:00,58.67129237700638,59.48912865870377,58.364602958921736,58.68832778930664,643500,0.0,0.0
2013-12-03 00:00:00-05:00,58.46683430773117,58.85019936865715,57.70011718505052,58.15163040161133,503300,0.0,0.0
2013-12-04 00:00:00-05:00,57.95568382910744,58.51794995072473,57.3423049690105,57.86197280883789,407200,0.0,0.0
2013-12-05 00:00:00-05:00,57.72565778581283,58.54349392627734,57.42748937516179,58.185691833496094,532700,0.0,0.0
2013-12-06 00:00:00-05:00,58.72239553660654,59.361330636816426,58.645719944797705,59.22502136230469,349000,0.0,0.0
2013-12-09 00:00:00-05:00,59.24206269421169,59.455041058873256,59.01204242061022,59.25058364868164,393400,0.0,0.0
2013-12-10 00:00:00-05:00,59.105763318606584,59.63395209126553,59.080206950501065,59.1994743347168,418900,0.0,0.0
2013-12-11 00:00:00-05:00,59.32769392311733,59.71238096381854,58.11378592763754,58.267662048339844,462900,0.24,0.0
2013-12-12 00:00:00-05:00,58.105240635779516,58.48138374713867,57.65216271824766,57.737648010253906,584600,0.0,0.0
2013-12-13 00:00:00-05:00,57.91718020196275,58.11380228123329,57.72055812269221,58.0710563659668,281300,0.0,0.0
2013-12-16 00:00:00-05:00,58.36168809718527,59.267850323707854,58.071036841848304,58.182167053222656,320600,0.0,0.0
2013-12-17 00:00:00-05:00,58.233481046948896,58.82333422057921,57.97701860824998,58.78913879394531,519800,0.0,0.0
2013-12-18 00:00:00-05:00,56.42117485140705,56.703282290971,54.395142667565864,54.54901885986328,2349100,0.0,0.0
2013-12-19 00:00:00-05:00,54.22415631819516,54.44642006660215,53.412032880954214,53.96769714355469,1333600,0.0,0.0
2013-12-20 00:00:00-05:00,53.7796335524407,54.64304699628719,53.67705051955086,54.36094284057617,1135800,0.0,0.0
2013-12-23 00:00:00-05:00,54.566116203252065,54.566116203252065,53.36075161815756,53.39494705200195,1068500,0.0,0.0
2013-12-24 00:00:00-05:00,53.25817318901051,53.82238485207077,53.01881165348687,53.56592559814453,412500,0.0,0.0
2013-12-26 00:00:00-05:00,53.86510690055342,54.33528582402184,53.856559675151765,54.17285919189453,363300,0.0,0.0
2013-12-27 00:00:00-05:00,54.292539277095344,54.660131925102135,54.172858556545236,54.33528518676758,276600,0.0,0.0
2013-12-30 00:00:00-05:00,54.33528550491441,54.66868273155757,54.07882308959961,54.07882308959961,476300,0.0,0.0
2013-12-31 00:00:00-05:00,54.01042037465968,54.3267198009456,53.95912725375352,54.18994140625,386900,0.0,0.0
2014-01-02 00:00:00-05:00,54.18141135301693,54.36947966716211,53.51461361414978,53.97624206542969,548800,0.0,0.0
2014-01-03 00:00:00-05:00,54.06172712791477,54.14721242326041,53.66848629058188,54.070274353027344,402000,0.0,0.0
2014-01-06 00:00:00-05:00,54.172871080631616,54.172871080631616,53.33510258204427,53.95060729980469,842700,0.0,0.0
2014-01-07 00:00:00-05:00,54.30963722722903,54.677229876849935,53.7710739823887,54.31818771362305,662700,0.0,0.0
2014-01-08 00:00:00-05:00,54.403677697739646,55.480810802318146,54.403677697739646,55.45516586303711,1125600,0.0,0.0
2014-01-09 00:00:00-05:00,56.03646788310462,56.74600169331312,55.566288982867185,56.27582931518555,1037300,0.0,0.0
2014-01-10 00:00:00-05:00,56.31002555570873,56.85713927187768,55.92533194389277,56.84003829956055,929800,0.0,0.0
2014-01-13 00:00:00-05:00,56.669067844625,56.899878794578804,55.97662847265362,56.20743942260742,744800,0.0,0.0
2014-01-14 00:00:00-05:00,56.2672933130831,56.95118888545209,55.993736388557814,56.9426383972168,535700,0.0,0.0
2014-01-15 00:00:00-05:00,56.95971712088647,57.54102624022523,56.95971712088647,57.05375289916992,444400,0.0,0.0
2014-01-16 00:00:00-05:00,57.011010294220235,57.156335935319966,56.5579324001391,56.73745346069336,342000,0.0,0.0
2014-01-17 00:00:00-05:00,56.754551228761116,56.754551228761116,56.19888704381734,56.4211540222168,382000,0.0,0.0
2014-01-21 00:00:00-05:00,56.58359576017983,56.8400517064375,56.34423426816141,56.549400329589844,420300,0.0,0.0
2014-01-22 00:00:00-05:00,56.88278978191841,57.079405328061135,56.42116131577245,56.6776237487793,254500,0.0,0.0
2014-01-23 00:00:00-05:00,56.36132819421621,56.62633462616577,55.75437398168279,56.01082992553711,389800,0.0,0.0
2014-01-24 00:00:00-05:00,55.814216770193305,55.814216770193305,54.053191167750455,54.12158203125,758500,0.0,0.0
2014-01-27 00:00:00-05:00,54.08738591216605,54.85676355042359,53.5659169983043,54.36094284057617,550000,0.0,0.0
2014-01-28 00:00:00-05:00,54.44642470763001,54.5233627926859,53.488975518866525,54.02754211425781,717000,0.0,0.0
2014-01-29 00:00:00-05:00,54.56610571934531,56.87424162242176,54.05318409339632,55.78001403808594,1610000,0.0,0.0
2014-01-30 00:00:00-05:00,55.797105173095645,56.1134079649936,54.86530429318809,55.24144744873047,723400,0.0,0.0
2014-01-31 00:00:00-05:00,54.7627129586067,55.651774366416134,54.71997357258627,54.865299224853516,646600,0.0,0.0
2014-02-03 00:00:00-05:00,55.1217665680197,55.17305644468346,53.1299270775113,53.19831466674805,1334800,0.0,0.0
2014-02-04 00:00:00-05:00,54.01044606967817,54.01044606967817,52.89912067644088,53.18122482299805,1088200,0.0,0.0
2014-02-05 00:00:00-05:00,53.087188894888776,53.523172476340015,52.07844653359873,53.420589447021484,820400,0.0,0.0
2014-02-06 00:00:00-05:00,53.47187895368842,53.89076481712031,53.25816240850097,53.75398635864258,409600,0.0,0.0
2014-02-07 00:00:00-05:00,53.942041497226825,54.34382954736938,53.71123055465013,54.26689147949219,337500,0.0,0.0
2014-02-10 00:00:00-05:00,53.98479710704564,54.80546780452722,53.98479710704564,54.46352005004883,356300,0.0,0.0
2014-02-11 00:00:00-05:00,54.36948768681345,55.096122634632536,54.24980694350731,54.79692077636719,377200,0.0,0.0
2014-02-12 00:00:00-05:00,54.77981536406081,55.21579233227024,54.77981536406081,55.11321258544922,451500,0.0,0.0
2014-02-13 00:00:00-05:00,54.84821188385161,55.626136640194545,54.36948243476062,55.40386962890625,392500,0.0,0.0
2014-02-14 00:00:00-05:00,55.45516552183462,55.97663435770959,55.215797538426074,55.7885627746582,245400,0.0,0.0
2014-02-18 00:00:00-05:00,55.899689841731345,55.899689841731345,54.98498343968648,55.12176513671875,451500,0.0,0.0
2014-02-19 00:00:00-05:00,55.13884733251934,55.69451143951688,55.01916663527172,55.061912536621094,749300,0.0,0.0
2014-02-20 00:00:00-05:00,55.096121785563454,55.35258424418797,55.019186961242845,55.08757781982422,553600,0.0,0.0
2014-02-21 00:00:00-05:00,55.20726064473095,55.42952116034134,54.55756050791164,54.634498596191406,666900,0.0,0.0
2014-02-24 00:00:00-05:00,54.64304121983348,54.822562323677026,54.3609370939444,54.57465362548828,513900,0.0,0.0
2014-02-25 00:00:00-05:00,54.7028817212586,55.275643688798006,54.360933985916695,54.95079040527344,481100,0.0,0.0
2014-02-26 00:00:00-05:00,56.130512887301194,56.130512887301194,54.98498888852416,56.045021057128906,565900,0.0,0.0
2014-02-27 00:00:00-05:00,55.89113759965605,56.13904952615766,55.62613122261747,56.06211471557617,274300,0.0,0.0
2014-02-28 00:00:00-05:00,55.98517228737332,56.82294383371328,55.86549156962617,56.41260528564453,380700,0.0,0.0
2014-03-03 00:00:00-05:00,55.76291749408543,56.63487802949003,55.70307712912737,56.19889450073242,729600,0.0,0.0
2014-03-04 00:00:00-05:00,56.56649066233443,57.48974765466015,56.292933759657664,56.455360412597656,1408300,0.0,0.0
2014-03-05 00:00:00-05:00,56.50665029368985,56.74601176826815,56.13905759427004,56.455360412597656,365300,0.0,0.0
2014-03-06 00:00:00-05:00,56.575036825369764,57.2418313170436,56.56648633847097,56.91698455810547,245700,0.0,0.0
2014-03-07 00:00:00-05:00,57.087946232132495,57.26746729625819,56.583578459890234,56.89133071899414,405000,0.0,0.0
2014-03-10 00:00:00-04:00,56.677634310441384,57.019575588689165,56.036484630559066,56.39552688598633,467300,0.0,0.0
2014-03-11 00:00:00-04:00,55.95954797254109,56.51521237948229,55.950997483233955,56.02793884277344,479500,0.0,0.0
2014-03-12 00:00:00-04:00,55.66306500636785,55.98070054151199,55.491374016857804,55.80900955200195,615600,0.275,0.0
2014-03-13 00:00:00-04:00,55.83476404535208,56.16097955402083,55.044974993043596,55.1136474609375,606800,0.0,0.0
2014-03-14 00:00:00-04:00,54.97630327361652,55.62874092715616,54.46122039848583,54.538482666015625,603200,0.0,0.0
2014-03-17 00:00:00-04:00,55.00206157393438,55.379789707072845,54.60716695728648,55.242431640625,460900,0.0,0.0
2014-03-18 00:00:00-04:00,55.4055382618162,55.64590830922136,55.09648918669739,55.59440231323242,437200,0.0,0.0
2014-03-19 00:00:00-04:00,55.63731120466839,55.86051472746216,55.01063320742808,55.19949722290039,241200,0.0,0.0
2014-03-20 00:00:00-04:00,55.182330196363765,55.31968824058935,54.65008087417372,55.01063919067383,690800,0.0,0.0
2014-03-21 00:00:00-04:00,55.31110199911625,56.0064590900709,55.10507148135044,55.50855255126953,1080700,0.0,0.0
2014-03-24 00:00:00-04:00,55.65448818540532,56.203907242382634,55.07931613350591,55.302513122558594,643500,0.0,0.0
2014-03-25 00:00:00-04:00,55.94636327151776,56.22107279547692,55.47420975668353,55.671653747558594,336100,0.0,0.0
2014-03-26 00:00:00-04:00,55.843359872278285,56.2554209467227,55.2424281934572,55.251014709472656,420500,0.0,0.0
2014-03-27 00:00:00-04:00,55.36262406346994,55.89487681760786,55.24243901408298,55.70601272583008,495000,0.0,0.0
2014-03-28 00:00:00-04:00,55.69741220083667,56.04938729237624,55.53430770316995,55.88627624511719,351400,0.0,0.0
2014-03-31 00:00:00-04:00,56.229654516608576,57.19972100766825,55.99787103629914,57.01944351196289,510900,0.0,0.0
2014-04-01 00:00:00-04:00,57.165389175869436,57.405765752004996,56.55587759439341,57.045204162597656,475300,0.0,0.0
2014-04-02 00:00:00-04:00,57.23406386315481,57.58603891078914,56.75332384647525,57.44868087768555,329400,0.0,0.0
2014-04-03 00:00:00-04:00,57.534530090753705,57.94659766709572,57.19972805042229,57.345672607421875,444500,0.0,0.0
2014-04-04 00:00:00-04:00,57.714816921822106,57.714816921822106,56.28975664122767,56.75333023071289,546000,0.0,0.0
2014-04-07 00:00:00-04:00,56.727565876799794,56.736145840922546,55.72315990879952,55.826171875,415500,0.0,0.0
2014-04-08 00:00:00-04:00,55.697406988382475,56.40135055599056,55.53430250597992,56.11806106567383,499300,0.0,0.0
2014-04-09 00:00:00-04:00,56.315516823201904,57.062386570930634,56.22108479016977,56.718997955322266,754500,0.0,0.0
2014-04-10 00:00:00-04:00,56.64173244677409,56.976534507382816,55.84335679080121,55.91202926635742,719500,0.0,0.0
2014-04-11 00:00:00-04:00,55.71458014052485,56.40135068017637,55.4999631188353,55.680240631103516,497300,0.0,0.0
2014-04-14 00:00:00-04:00,55.95496953968164,56.48722229569707,55.7060129223322,56.30693817138672,572300,0.0,0.0
2014-04-15 00:00:00-04:00,56.41852907014629,56.52154105860599,55.41412288511012,56.33268356323242,686200,0.0,0.0
2014-04-16 00:00:00-04:00,56.70182889467581,57.02804446240059,56.349853778536925,56.89927291870117,492600,0.0,0.0
2014-04-17 00:00:00-04:00,57.474444057411745,57.54312308613519,56.057976750148455,57.24266052246094,437400,0.0,0.0
2014-04-21 00:00:00-04:00,57.13107623407508,57.72341499288024,56.78768755457403,57.6890754699707,706300,0.0,0.0
2014-04-22 00:00:00-04:00,57.860750033537705,58.255644565284996,57.68047252227862,58.152626037597656,448500,0.0,0.0
2014-04-23 00:00:00-04:00,58.19554010918362,58.573268083533456,57.36282519277983,57.57744216918945,705200,0.0,0.0
2014-04-24 00:00:00-04:00,57.60320459402804,57.68047012397885,57.294155573407664,57.380001068115234,677100,0.0,0.0
2014-04-25 00:00:00-04:00,57.18255455508572,57.28557307393138,56.44427154400295,56.53011703491211,363800,0.0,0.0
2014-04-28 00:00:00-04:00,56.84777257355854,56.92503157770455,56.11807581949686,56.67607498168945,507900,0.0,0.0
2014-04-29 00:00:00-04:00,56.925019984577965,57.58604411686386,56.925019984577965,57.16539001464844,410500,0.0,0.0
2014-04-30 00:00:00-04:00,57.182589379270524,57.714842226394964,56.89070667291354,57.55173110961914,481100,0.0,0.0
2014-05-01 00:00:00-04:00,57.980935041043764,58.34149006356194,57.74056502603165,58.152626037597656,450600,0.0,0.0
2014-05-02 00:00:00-04:00,58.22990543984865,58.916676139229615,57.912269816019254,58.46168899536133,633700,0.0,0.0
2014-05-05 00:00:00-04:00,58.20415560516491,59.15705597889218,58.20415560516491,58.86517333984375,548100,0.0,0.0
2014-05-06 00:00:00-04:00,58.65053860650688,59.019680140642926,58.43592158781363,58.58185958862305,803500,0.0,0.0
2014-05-07 00:00:00-04:00,58.77074089477877,58.968191491858015,58.37584625021384,58.80508041381836,555800,0.0,0.0
2014-05-08 00:00:00-04:00,58.65913997151651,59.13129360241893,58.35009086239083,58.496028900146484,628700,0.0,0.0
2014-05-09 00:00:00-04:00,58.4101648185002,58.805059321423045,58.1011158075882,58.607608795166016,381400,0.0,0.0
2014-05-12 00:00:00-04:00,58.89092392355554,59.732225737283386,58.89092392355554,59.54336166381836,383500,0.0,0.0
2014-05-13 00:00:00-04:00,59.54334816798446,59.99833521479211,59.26863863691615,59.29439163208008,401600,0.0,0.0
2014-05-14 00:00:00-04:00,59.1484649791042,59.526186563326334,58.976767395736765,59.21714401245117,349900,0.0,0.0
2014-05-15 00:00:00-04:00,59.0797843471358,59.345907407163,57.94660652594547,58.09254455566406,728100,0.0,0.0
2014-05-16 00:00:00-04:00,58.14405404517946,58.281405551337826,57.534535859775325,58.135467529296875,673100,0.0,0.0
2014-05-19 00:00:00-04:00,58.01528335267419,58.92525756174117,57.920851325364296,58.28140640258789,607600,0.0,0.0
2014-05-20 00:00:00-04:00,58.3071530654173,58.444511108249294,57.731980997640285,57.92084503173828,561600,0.0,0.0
2014-05-21 00:00:00-04:00,58.15263607159582,58.65054921694332,57.963772013043815,58.43593215942383,507100,0.0,0.0
2014-05-22 00:00:00-04:00,58.37583964530208,58.77932076137358,58.18697558675008,58.43593215942383,396000,0.0,0.0
2014-05-23 00:00:00-04:00,58.45309921997417,59.131289914390365,58.31574770759234,58.94243240356445,434100,0.0,0.0
2014-05-27 00:00:00-04:00,59.18277483670362,59.49182378229397,58.82221336712167,58.87372589111328,226600,0.0,0.0
2014-05-28 00:00:00-04:00,58.73639752345036,58.90809510738733,58.28141038780536,58.753570556640625,375600,0.0,0.0
2014-05-29 00:00:00-04:00,58.916680680703024,59.56911846256105,58.54753902710366,59.51761245727539,407400,0.0,0.0
2014-05-30 00:00:00-04:00,59.38882864549159,59.64637171798904,59.114119091304104,59.39741516113281,323900,0.0,0.0
2014-06-02 00:00:00-04:00,59.48326390553,59.93825101538671,59.11412230797956,59.800899505615234,379200,0.0,0.0
2014-06-03 00:00:00-04:00,59.56051667962274,60.35889230489343,59.36307267690397,60.10993576049805,503500,0.0,0.0
2014-06-04 00:00:00-04:00,59.94682940311551,60.87397652933104,59.792304882079584,60.82246398925781,697200,0.0,0.0
2014-06-05 00:00:00-04:00,61.06282329997044,61.689507789131994,60.73660783482334,61.354705810546875,658900,0.0,0.0
2014-06-06 00:00:00-04:00,61.44915758414102,62.084422241580214,61.346139038505136,61.964237213134766,540000,0.0,0.0
2014-06-09 00:00:00-04:00,61.86121181119684,62.40205092885102,61.82687229979085,62.00715637207031,474600,0.0,0.0
2014-06-10 00:00:00-04:00,61.92131538075251,62.17027197072694,61.53500727020894,61.99858093261719,379300,0.0,0.0
2014-06-11 00:00:00-04:00,61.796060220096095,62.36481808608282,61.44274631895099,61.70126724243164,381900,0.275,0.0
2014-06-12 00:00:00-04:00,61.632341680469686,61.90810134846129,60.960177900654486,61.03773880004883,356600,0.0,0.0
2014-06-13 00:00:00-04:00,61.02048864295299,61.35657046963444,60.96016643238524,61.18422317504883,598800,0.0,0.0
2014-06-16 00:00:00-04:00,61.235917753686685,61.347949397156974,60.64992782699283,60.701637268066406,495000,0.0,0.0
2014-06-17 00:00:00-04:00,60.66714828911167,61.78741836516683,60.54650392053073,61.47718811035156,723300,0.0,0.0
2014-06-18 00:00:00-04:00,61.54612725795912,61.7443324699238,60.82226107434845,61.253135681152344,402300,0.0,0.0
2014-06-19 00:00:00-04:00,61.24451600590731,61.666771277320784,61.24451600590731,61.45995330810547,276400,0.0,0.0
2014-06-20 00:00:00-04:00,61.72710955300792,61.899463384478935,61.253151309372065,61.63231658935547,422300,0.0,0.0
2014-06-23 00:00:00-04:00,61.58924645297717,61.69265219971548,61.192842416348675,61.347957611083984,356200,0.0,0.0
2014-06-24 00:00:00-04:00,61.30486156637632,61.94255438317449,60.72749095421273,60.79643249511719,472700,0.0,0.0
2014-06-25 00:00:00-04:00,60.85675000273889,61.52029420250612,60.79642780276005,61.37379837036133,377200,0.0,0.0
2014-06-26 00:00:00-04:00,61.43413095048445,61.589246144442704,60.830902274145544,61.244544982910156,310500,0.0,0.0
2014-06-27 00:00:00-04:00,61.00323859947068,61.916690826416016,60.76194982817386,61.916690826416016,775800,0.0,0.0
2014-06-30 00:00:00-04:00,61.985638127851516,61.985638127851516,61.132508014260395,61.61508560180664,520500,0.0,0.0
2014-07-01 00:00:00-04:00,61.89084843730445,62.545779894076055,61.83052623566936,62.149375915527344,453500,0.0,0.0
2014-07-02 00:00:00-04:00,61.97701832947412,62.25277788810145,61.727110202182715,61.98563766479492,462400,0.0,0.0
2014-07-03 00:00:00-04:00,62.09765885386665,62.519920788114995,62.063188089359066,62.442359924316406,331400,0.0,0.0
2014-07-07 00:00:00-04:00,62.028743293765174,62.39929590979836,61.96842108067271,62.23556137084961,376500,0.0,0.0
2014-07-08 00:00:00-04:00,62.17522656207561,62.43374746240203,61.96840852688912,62.27001953125,339200,0.0,0.0
2014-07-09 00:00:00-04:00,62.56300163712545,62.72673611787746,61.89083819453941,62.11489486694336,346400,0.0,0.0
2014-07-10 00:00:00-04:00,61.270392462003166,61.985646175425,61.08080650667426,61.70126724243164,340300,0.0,0.0
2014-07-11 00:00:00-04:00,61.6840262869761,62.08904957436284,61.5202917900428,62.04595947265625,311900,0.0,0.0
2014-07-14 00:00:00-04:00,62.40789214090877,62.72674179686518,62.17522268765102,62.58024597167969,478000,0.0,0.0
2014-07-15 00:00:00-04:00,65.51882145508976,65.7342588564676,58.874732785552354,60.348323822021484,14564100,0.0,0.0
2014-07-16 00:00:00-04:00,60.62408802620152,61.244548841121585,59.228057767259585,59.52104949951172,2726300,0.0,0.0
2014-07-17 00:00:00-04:00,59.124641519718914,60.4948202496294,58.693766712885,59.831275939941406,2059000,0.0,0.0
2014-07-18 00:00:00-04:00,60.01223818192767,60.761962657866896,59.891593770805585,60.494815826416016,1422300,0.0,0.0
2014-07-21 00:00:00-04:00,60.098402503125115,60.63268950855228,59.564122072324245,59.57273483276367,802100,0.0,0.0
2014-07-22 00:00:00-04:00,59.693369283500736,60.08116040135729,59.02120590209961,59.02120590209961,980900,0.0,0.0
2014-07-23 00:00:00-04:00,59.141865186554035,59.538269163365584,58.56449460563028,58.9350471496582,1500100,0.0,0.0
2014-07-24 00:00:00-04:00,59.116012765904884,59.116012765904884,57.900949422991104,58.20256042480469,1654700,0.0,0.0
2014-07-25 00:00:00-04:00,58.23704433090827,59.60722315166657,58.23704433090827,59.52104949951172,1928200,0.0,0.0
2014-07-28 00:00:00-04:00,59.40901687852286,59.57274482447455,58.71961459941583,59.35730743408203,1056500,0.0,0.0
2014-07-29 00:00:00-04:00,60.322466995636326,60.33969909337056,57.9268043583214,57.95265579223633,1585100,0.0,0.0
2014-07-30 00:00:00-04:00,58.23704066486278,58.676528235575056,57.37529104830534,57.4873161315918,1572400,0.0,0.0
2014-07-31 00:00:00-04:00,57.48729596072263,57.48729596072263,51.58431447343978,52.859703063964844,5793300,0.0,0.0
2014-08-01 00:00:00-04:00,52.54086820892273,53.83349246241582,52.3512822664701,53.21303176879883,3081300,0.0,0.0
2014-08-04 00:00:00-04:00,53.247503232774484,53.51464347810219,52.6098071463108,53.402618408203125,1451700,0.0,0.0
2014-08-05 00:00:00-04:00,52.997586456024536,53.93689340437993,52.76491373076443,52.96311569213867,2230100,0.0,0.0
2014-08-06 00:00:00-04:00,52.868332305381706,53.21303343201248,52.48054764706406,52.80801010131836,1040800,0.0,0.0
2014-08-07 00:00:00-04:00,53.23026005891261,53.3595204946463,52.015193554063,52.22201156616211,1356200,0.0,0.0
2014-08-08 00:00:00-04:00,52.27372261615158,52.583952950713076,51.81699644988791,52.49777603149414,1765200,0.0,0.0
2014-08-11 00:00:00-04:00,53.16994593607156,53.23888418813187,52.42022477560541,52.471927642822266,992100,0.0,0.0
2014-08-12 00:00:00-04:00,52.256489005831234,52.532248582064106,51.93764261218325,52.153079986572266,1243200,0.0,0.0
2014-08-13 00:00:00-04:00,52.368521517921224,53.161329540694666,52.13584874063414,52.90280532836914,1019600,0.0,0.0
2014-08-14 00:00:00-04:00,52.816616503496235,52.928641548001416,52.049660136238316,52.28232955932617,1122200,0.0,0.0
2014-08-15 00:00:00-04:00,52.27372273798563,52.74768428919775,51.97211173829973,52.70459747314453,1478900,0.0,0.0
2014-08-18 00:00:00-04:00,52.902798596315414,53.57496212028953,52.902798596315414,53.13547134399414,741100,0.0,0.0
2014-08-19 00:00:00-04:00,53.1957970785271,53.402618408203125,52.971743651415466,53.402618408203125,772900,0.0,0.0
2014-08-20 00:00:00-04:00,53.16132746952009,53.45432244202421,52.89418721836081,53.36814880371094,1183100,0.0,0.0
2014-08-21 00:00:00-04:00,53.428472945589554,53.84211234165841,53.16994873396073,53.35953140258789,683000,0.0,0.0
2014-08-22 00:00:00-04:00,53.22165369520555,53.566354849131244,52.8769558285937,53.26474380493164,591100,0.0,0.0
2014-08-25 00:00:00-04:00,53.566344436338696,53.71284354883891,53.230262684614885,53.686988830566406,481000,0.0,0.0
2014-08-26 00:00:00-04:00,53.87657741779847,53.89381280172691,53.50602488162038,53.72146224975586,817900,0.0,0.0
2014-08-27 00:00:00-04:00,53.52326232558045,53.9455177424825,53.52326232558045,53.773170471191406,859900,0.0,0.0
2014-08-28 00:00:00-04:00,53.50602528085474,54.87620708391252,53.09238592542586,54.47118377685547,1413500,0.0,0.0
2014-08-29 00:00:00-04:00,54.634916269618124,55.031320226390996,54.46256572270849,54.79003143310547,666200,0.0,0.0
2014-09-02 00:00:00-04:00,54.850353613447574,55.25537690545546,54.79003141514597,55.08302307128906,871200,0.0,0.0
2014-09-03 00:00:00-04:00,55.27261345566323,55.58284380753592,54.72109429114002,54.77280044555664,493600,0.0,0.0
2014-09-04 00:00:00-04:00,54.74695393535286,55.15197732074255,54.59183873615316,54.75557327270508,636000,0.0,0.0
2014-09-05 00:00:00-04:00,54.62629995231577,54.94514634496101,54.35915971279412,54.91067886352539,427000,0.0,0.0
2014-09-08 00:00:00-04:00,54.902056865968426,55.53113685954331,54.86758609889054,55.022701263427734,832400,0.0,0.0
2014-09-09 00:00:00-04:00,54.91068433389382,55.039944798609966,54.445338771362636,54.652156829833984,615700,0.0,0.0
2014-09-10 00:00:00-04:00,54.5487444367892,55.98786785720964,54.49704156901657,55.755191802978516,1633900,0.0,0.0
2014-09-11 00:00:00-04:00,55.40469572898221,56.16627656823278,55.33546320808852,55.69028854370117,1368100,0.275,0.0
2014-09-12 00:00:00-04:00,55.70760398013457,55.78548933258066,54.695051480838714,55.20565414428711,992600,0.0,0.0
2014-09-15 00:00:00-04:00,55.43931155374699,55.79414017735204,54.902747156967074,55.638362884521484,669100,0.0,0.0
2014-09-16 00:00:00-04:00,55.60374646342124,56.46051829558263,55.4046951273174,56.235511779785156,1178700,0.0,0.0
2014-09-17 00:00:00-04:00,56.25281696643819,56.64225690436009,55.941262375024145,56.20089340209961,1016700,0.0,0.0
2014-09-18 00:00:00-04:00,56.41725678190656,56.46918035212752,56.1057021551967,56.28744125366211,705000,0.0,0.0
2014-09-19 00:00:00-04:00,56.29609590586425,56.36532513011179,55.28354339562399,55.430667877197266,1136300,0.0,0.0
2014-09-22 00:00:00-04:00,55.396033819969404,55.759511901437094,54.720997909415885,54.7469596862793,1349000,0.0,0.0
2014-09-23 00:00:00-04:00,54.686390126128835,54.99794471152503,54.383491668852315,54.57388687133789,834100,0.0,0.0
2014-09-24 00:00:00-04:00,54.703712003658616,54.97199591586985,54.22772718634855,54.66909408569336,824800,0.0,0.0
2014-09-25 00:00:00-04:00,54.34887474648562,54.34887474648562,52.41031798200462,52.47089767456055,1480500,0.0,0.0
2014-09-26 00:00:00-04:00,52.462238939497226,52.84302933246563,52.19395840046455,52.687252044677734,919400,0.0,0.0
2014-09-29 00:00:00-04:00,52.020876906475706,52.384355076926546,51.79586378075738,51.95164108276367,1047400,0.0,0.0
2014-09-30 00:00:00-04:00,51.908369603816496,52.098764814965286,50.51503003425465,50.97370910644531,1877700,0.0,0.0
2014-10-01 00:00:00-04:00,50.82657778149982,50.86119568819535,49.57170672522176,50.01307678222656,2150800,0.0,0.0
2014-10-02 00:00:00-04:00,50.004425295844904,51.01697770192091,49.519787762508884,50.956398010253906,1686600,0.0,0.0
2014-10-03 00:00:00-04:00,50.991003747199095,51.293905454179665,50.40251588787076,51.042930603027344,1592900,0.0,0.0
2014-10-06 00:00:00-04:00,52.046834126159744,52.70456118837057,51.26795098576754,51.50161361694336,1072100,0.0,0.0
2014-10-07 00:00:00-04:00,51.23334041015921,51.70067234209272,50.54965146914677,50.59292221069336,1204200,0.0,0.0
2014-10-08 00:00:00-04:00,50.419827413155964,50.83523570549335,49.545746696945926,50.791961669921875,1095700,0.0,0.0
2014-10-09 00:00:00-04:00,50.62753292005865,50.7833102085357,48.68032011544101,48.72359085083008,1300200,0.0,0.0
2014-10-10 00:00:00-04:00,48.74955537527515,48.836096845062954,47.29563623369091,47.62449645996094,1671800,0.0,0.0
2014-10-13 00:00:00-04:00,47.63314289948374,48.23894296881906,45.936905346420666,46.00613784790039,1113300,0.0,0.0
2014-10-14 00:00:00-04:00,46.49944673292405,47.04466730538062,45.72921632972516,46.309051513671875,1590600,0.0,0.0
2014-10-15 00:00:00-04:00,45.47822769054342,46.78502544433417,44.43971372825779,46.490779876708984,2058200,0.0,0.0
2014-10-16 00:00:00-04:00,45.56477646292559,46.949459667132444,45.38303411003049,46.63790512084961,1971100,0.0,0.0
2014-10-17 00:00:00-04:00,47.200431206731395,48.16105655636194,46.94945636196676,47.24370193481445,1935200,0.0,0.0
2014-10-20 00:00:00-04:00,47.18311676950885,47.93603791491984,46.603278516306695,47.91007614135742,1406500,0.0,0.0
2014-10-21 00:00:00-04:00,48.30818115839053,49.12168212929624,48.14375105933852,48.92263412475586,1795400,0.0,0.0
2014-10-22 00:00:00-04:00,49.303429997510285,49.44189833360764,47.73700426306566,47.80624008178711,1849800,0.0,0.0
2014-10-23 00:00:00-04:00,49.53709378955681,50.497715972646645,48.43799997501756,49.15630340576172,2413700,0.0,0.0
2014-10-24 00:00:00-04:00,49.10437213525649,49.571700612639724,48.54184277552692,49.50246810913086,847100,0.0,0.0
2014-10-27 00:00:00-04:00,49.00917888847679,49.303424482437606,48.05720629561759,48.92263412475586,1046000,0.0,0.0
2014-10-28 00:00:00-04:00,49.381312899630835,50.272702503250876,48.88801930332215,50.186161041259766,1824900,0.0,0.0
2014-10-29 00:00:00-04:00,50.24674870974827,50.272710492202215,49.1563076278429,49.49382400512695,1701100,0.0,0.0
2014-10-30 00:00:00-04:00,49.329399017876725,49.90923422870392,49.05246230504194,49.63229751586914,1264300,0.0,0.0
2014-10-31 00:00:00-04:00,50.367908157717345,50.644844842049274,49.94384700282714,50.523685455322266,1302000,0.0,0.0
2014-11-03 00:00:00-05:00,50.592910321852614,51.0775510967881,50.41982409499386,50.826576232910156,1306200,0.0,0.0
2014-11-04 00:00:00-05:00,51.086205451559906,51.25063885760263,50.67080047547273,50.88715744018555,1421500,0.0,0.0
2014-11-05 00:00:00-05:00,51.345831687887944,52.59204650056115,51.06889176150447,52.574737548828125,1551700,0.0,0.0
2014-11-06 00:00:00-05:00,52.470900534157,52.77379901344422,51.83913849068235,52.66994857788086,1168000,0.0,0.0
2014-11-07 00:00:00-05:00,52.669951260134674,53.128627066798224,52.41032350733164,52.9468879699707,1043600,0.0,0.0
2014-11-10 00:00:00-05:00,52.886300185004266,53.30170518624518,52.70456111596365,53.180545806884766,1113500,0.0,0.0
2014-11-11 00:00:00-05:00,53.08535044165057,53.87288974196931,52.86899345473503,53.6911506652832,1344500,0.0,0.0
2014-11-12 00:00:00-05:00,53.58729667838417,53.829618747486016,53.17189166165394,53.2757453918457,1412700,0.0,0.0
2014-11-13 00:00:00-05:00,53.37959852618882,54.02001338810218,53.05073496660463,53.55268478393555,1624300,0.0,0.0
2014-11-14 00:00:00-05:00,53.33632476794551,53.75172978221586,52.89495467060818,53.431522369384766,3264700,0.0,0.0
2014-11-17 00:00:00-05:00,53.319012267698675,53.59594892546468,53.16323498503713,53.31035614013672,1322900,0.0,0.0
2014-11-18 00:00:00-05:00,53.27575280166129,53.639231003849716,53.19786414385719,53.38825607299805,1207900,0.0,0.0
2014-11-19 00:00:00-05:00,53.43151944119846,53.466134047814826,52.929569679788955,53.267086029052734,1336400,0.0,0.0
2014-11-20 00:00:00-05:00,52.83437208356678,53.50940808343975,52.61801511082379,53.267086029052734,1183700,0.0,0.0
2014-11-21 00:00:00-05:00,54.063288179523994,54.12386787537497,53.24113091981608,53.46614074707031,1298600,0.0,0.0
2014-11-24 00:00:00-05:00,53.760380254245725,53.803650989001284,53.301704523415,53.52671432495117,770300,0.0,0.0
2014-11-25 00:00:00-05:00,53.67384299324124,53.71711373138961,52.964192323301724,53.06804275512695,1221600,0.0,0.0
2014-11-26 00:00:00-05:00,53.145927544574654,53.40555525595494,52.695904637554264,53.37093734741211,678000,0.0,0.0
2014-11-28 00:00:00-05:00,53.0853473967854,53.0853473967854,50.79196214648624,51.09486389160156,757200,0.0,0.0
2014-12-01 00:00:00-05:00,51.060253254311434,51.3891168267669,50.26406105939871,50.489070892333984,1527500,0.0,0.0
2014-12-02 00:00:00-05:00,50.601572687056205,51.02563052872522,50.07366111566182,50.956398010253906,1026600,0.0,0.0
2014-12-03 00:00:00-05:00,51.19871937475429,53.31036246613141,50.921782684126,53.13727951049805,1702600,0.0,0.0
2014-12-04 00:00:00-05:00,52.938216154203054,53.483436584472656,52.39299902527847,53.483436584472656,1273500,0.0,0.0
2014-12-05 00:00:00-05:00,53.353650401296306,54.85084080658987,53.353650401296306,53.98541259765625,1572100,0.0,0.0
2014-12-08 00:00:00-05:00,53.777699073052226,54.12387161728725,53.370946828777974,53.50941848754883,1164700,0.0,0.0
2014-12-09 00:00:00-05:00,52.92091339727358,54.00269819033849,52.851677585871734,53.95077133178711,942600,0.0,0.0
2014-12-10 00:00:00-05:00,53.69979991834937,53.69979991834937,50.63618439519151,51.060245513916016,1922700,0.0,0.0
2014-12-11 00:00:00-05:00,51.25587398877836,52.160134466888415,50.15163340207172,50.31683349609375,1480800,0.275,0.0
2014-12-12 00:00:00-05:00,49.760367044474464,49.995127170072244,48.230082872228095,48.34311294555664,1332300,0.0,0.0
2014-12-15 00:00:00-05:00,48.821335606995746,49.07348245294295,47.36060797583014,47.612754821777344,1429500,0.0,0.0
2014-12-16 00:00:00-05:00,47.3432225946291,48.908287119078516,47.204105821718166,47.795352935791016,1156200,0.0,0.0
2014-12-17 00:00:00-05:00,47.856202097871865,49.76905964466383,47.777948729059325,49.73427963256836,1601700,0.0,0.0
2014-12-18 00:00:00-05:00,50.43856590071012,51.16023635864258,49.99513227384936,51.16023635864258,1300200,0.0,0.0
2014-12-19 00:00:00-05:00,51.2645758359328,51.70801280328784,50.629855390303995,51.029815673828125,1902100,0.0,0.0
2014-12-22 00:00:00-05:00,51.14285855779599,52.168846130371094,50.89940500389881,52.168846130371094,1929500,0.0,0.0
2014-12-23 00:00:00-05:00,52.55139809988632,53.37740520482966,52.290554623800205,52.88180160522461,999600,0.0,0.0
2014-12-24 00:00:00-05:00,52.83835095330812,53.05572116293167,52.58620071411133,52.58620071411133,429800,0.0,0.0
2014-12-26 00:00:00-05:00,52.94266891479492,53.22090241891274,52.72529878240256,52.94266891479492,768500,0.0,0.0
2014-12-29 00:00:00-05:00,52.82094870721885,53.473059185085745,52.7426953172026,52.986148834228516,569000,0.0,0.0
2014-12-30 00:00:00-05:00,52.916599513457236,53.29916985329503,52.8296494474901,52.86442947387695,571700,0.0,0.0
2014-12-31 00:00:00-05:00,52.968762845084,53.01223953368706,52.24709558619138,52.28187561035156,517100,0.0,0.0
2015-01-02 00:00:00-05:00,52.490540276317624,52.72530042463002,51.89929323245051,52.43837356567383,740900,0.0,0.0
2015-01-05 00:00:00-05:00,52.081891459125714,52.23839823905834,50.66463709276047,50.69941711425781,1544700,0.0,0.0
2015-01-06 00:00:00-05:00,50.812450877683624,50.86462091369643,49.67343328425219,49.70820999145508,1625500,0.0,0.0
2015-01-07 00:00:00-05:00,50.41249288187872,50.41249288187872,49.34303197023223,49.50823211669922,953900,0.0,0.0
2015-01-08 00:00:00-05:00,50.021216905281506,51.22110103916669,49.873406798159195,51.06459426879883,1533700,0.0,0.0
2015-01-09 00:00:00-05:00,51.090678943112465,51.91668618207566,49.94296480867287,51.31674575805664,5402600,0.0,0.0
2015-01-12 00:00:00-05:00,51.28196244453218,52.62096328765806,50.82983216048428,51.907989501953125,8195200,0.0,0.0
2015-01-13 00:00:00-05:00,52.34273821238411,54.10778295207802,52.125368039838335,53.02962875366211,2911700,0.0,0.0
2015-01-14 00:00:00-05:00,52.07319847620799,52.36882204622109,50.93418088450318,51.75149154663086,1580300,0.0,0.0
2015-01-15 00:00:00-05:00,51.960155873218206,52.14274930831148,50.3081448289645,50.49943161010742,1632700,0.0,0.0
2015-01-16 00:00:00-05:00,50.403793908846495,50.93417763147872,49.82993681744886,50.88200759887695,1460000,0.0,0.0
2015-01-20 00:00:00-05:00,51.299351112066766,51.299351112066766,50.05599369265024,50.25597381591797,1505000,0.0,0.0
2015-01-21 00:00:00-05:00,50.13426250932939,50.977659941896036,49.873418934178616,50.960269927978516,1685100,0.0,0.0
2015-01-22 00:00:00-05:00,51.23848800146087,51.94276842622939,50.80374773558511,51.777565002441406,1380000,0.0,0.0
2015-01-23 00:00:00-05:00,51.429777417952664,51.68192426432286,48.90828241980931,49.4212760925293,3089100,0.0,0.0
2015-01-26 00:00:00-05:00,49.76037466403729,50.00382817224504,49.273464330816495,49.68212127685547,2054300,0.0,0.0
2015-01-27 00:00:00-05:00,48.856116052435596,49.438669806986574,48.760475967985975,49.01262283325195,1614500,0.0,0.0
2015-01-28 00:00:00-05:00,49.490833123925256,50.22119694530851,47.5605884877593,48.14313888549805,3878300,0.0,0.0
2015-01-29 00:00:00-05:00,46.78675536663959,48.83872693189469,40.81342086247031,41.535091400146484,10098600,0.0,0.0
2015-01-30 00:00:00-05:00,40.89167503334592,42.45674289985654,40.6743048648645,41.96113586425781,6710200,0.0,0.0
2015-02-02 00:00:00-05:00,42.11763857496669,42.395872098352356,41.13512789661334,41.66550827026367,3066300,0.0,0.0
2015-02-03 00:00:00-05:00,42.34371601155353,43.07408002292149,41.58726863732438,42.93496322631836,3064900,0.0,0.0
2015-02-04 00:00:00-05:00,42.508916381063216,42.99582682998314,42.11764935218168,42.47413635253906,1878900,0.0,0.0
2015-02-05 00:00:00-05:00,42.6306333591993,43.430557247244835,42.500213257439,43.25666046142578,2318000,0.0,0.0
2015-02-06 00:00:00-05:00,43.27404989766996,44.46523739200096,43.26535323425145,44.41307067871094,2703800,0.0,0.0
2015-02-09 00:00:00-05:00,44.26525235946502,45.34340964463506,44.19569564383094,45.334712982177734,2196100,0.0,0.0
2015-02-10 00:00:00-05:00,45.5607889867867,45.5607889867867,44.86520178891377,45.36080551147461,1429700,0.0,0.0
2015-02-11 00:00:00-05:00,45.00431885523844,46.73458688005252,44.76086532449688,46.238983154296875,1821500,0.0,0.0
2015-02-12 00:00:00-05:00,46.030308370476355,47.056295890942486,45.86510822683734,46.917179107666016,1660100,0.0,0.0
2015-02-13 00:00:00-05:00,47.047581326416775,47.56057485530923,46.36938772838427,47.46493148803711,2322400,0.0,0.0
2015-02-17 00:00:00-05:00,47.308439975049986,48.01272046495094,46.847616311981945,47.63884353637695,1030600,0.0,0.0
2015-02-18 00:00:00-05:00,47.29106142719777,47.71710848981666,47.14325127937059,47.6997184753418,1070400,0.0,0.0
2015-02-19 00:00:00-05:00,47.2475751668489,47.61275542083234,46.89978160579353,47.325828552246094,1293000,0.0,0.0
2015-02-20 00:00:00-05:00,47.412773438647406,48.23008728027344,46.76066302465476,48.23008728027344,1080100,0.0,0.0
2015-02-23 00:00:00-05:00,47.84751124112379,48.430064905580245,47.812734541613864,48.3083381652832,904300,0.0,0.0
2015-02-24 00:00:00-05:00,48.19531142436751,48.81264187356075,48.1083646883817,48.760475158691406,975200,0.0,0.0
2015-02-25 00:00:00-05:00,48.517017260636464,49.134347696252625,48.517017260636464,48.97784423828125,770900,0.0,0.0
2015-02-26 00:00:00-05:00,48.98653935999071,49.31694293169198,48.595272408871494,48.951759338378906,738200,0.0,0.0
2015-02-27 00:00:00-05:00,48.92566850478712,49.551695530921656,48.77785509392539,49.1865119934082,751100,0.0,0.0
2015-03-02 00:00:00-05:00,49.1865106993527,49.629947603466526,48.543096998802014,49.28215408325195,1315800,0.0,0.0
2015-03-03 00:00:00-05:00,49.029992351546326,49.42995248344079,48.951738993844884,49.334312438964844,886700,0.0,0.0
2015-03-04 00:00:00-05:00,49.25607837341389,49.25607837341389,48.04749752736976,48.169227600097656,1602200,0.0,0.0
2015-03-05 00:00:00-05:00,48.204004768139846,48.29095482092543,47.56059096155337,48.06488800048828,943700,0.0,0.0
2015-03-06 00:00:00-05:00,47.47363487904653,47.97793517073462,47.40407816245797,47.67361831665039,1369700,0.0,0.0
2015-03-09 00:00:00-04:00,47.830118060140315,47.88228808115186,47.60405460269964,47.73447799682617,1003300,0.0,0.0
2015-03-10 00:00:00-04:00,47.13454045081959,47.43886063747892,46.99542369362837,47.24757385253906,969400,0.0,0.0
2015-03-11 00:00:00-04:00,47.22148320676199,47.2997365779012,46.38677947567556,46.55198287963867,1686600,0.0,0.0
2015-03-12 00:00:00-04:00,46.770531069837325,47.53984167353403,46.55197718633342,46.90166473388672,952800,0.29,0.0
2015-03-13 00:00:00-04:00,46.7006177003199,46.910431010272966,46.106153881003316,46.2809944152832,794100,0.0,0.0
2015-03-16 00:00:00-04:00,46.37714355921945,46.508277251959036,45.95752041126845,46.14984893798828,1185700,0.0,0.0
2015-03-17 00:00:00-04:00,45.91380627388753,46.10613478377597,45.26688522645152,45.88758087158203,1474600,0.0,0.0
2015-03-18 00:00:00-04:00,45.79142072286498,46.429597803514,45.02210994919329,46.1148796081543,2347500,0.0,0.0
2015-03-19 00:00:00-04:00,45.896327458586136,46.071171277783016,45.00462698206367,45.17072677612305,1211200,0.0,0.0
2015-03-20 00:00:00-04:00,45.24066087275601,45.92254802744844,45.231920183407595,45.67776870727539,1732800,0.0,0.0
2015-03-23 00:00:00-04:00,45.67776474612716,46.07990311864344,45.36304659898647,45.380531311035156,928600,0.0,0.0
2015-03-24 00:00:00-04:00,45.38927440493493,45.76518739673282,45.09204428895968,45.45921325683594,949400,0.0,0.0
2015-03-25 00:00:00-04:00,45.459231261734594,45.7214953905015,44.707404980365276,44.742374420166016,554200,0.0,0.0
2015-03-26 00:00:00-04:00,44.6287168377894,44.86475550881176,44.4451323163949,44.58500671386719,788000,0.0,0.0
2015-03-27 00:00:00-04:00,46.324695453506976,46.35966155005892,44.90846349479478,45.06582260131836,1493300,0.0,0.0
2015-03-30 00:00:00-04:00,45.424253904703676,45.94004137982268,45.14450510479527,45.83513641357422,930400,0.0,0.0
2015-03-31 00:00:00-04:00,45.70399952078482,46.263497081625964,45.35431521269336,46.19356155395508,1126100,0.0,0.0
2015-04-01 00:00:00-04:00,45.940050069878765,46.079924496291724,45.66030121705285,45.95753479003906,1047000,0.0,0.0
2015-04-02 00:00:00-04:00,45.91381903841018,46.73558077616528,45.69526506545595,46.23727798461914,931100,0.0,0.0
2015-04-06 00:00:00-04:00,46.1585955244325,48.27419958400371,46.1585955244325,48.081871032714844,1530900,0.0,0.0
2015-04-07 00:00:00-04:00,48.08187631460336,48.50149956225561,47.74967332630275,48.30043029785156,1199400,0.0,0.0
2015-04-08 00:00:00-04:00,48.45777945971888,49.01727700810772,48.31790507262167,48.85117721557617,1365400,0.0,0.0
2015-04-09 00:00:00-04:00,49.04349600336042,51.60494809186663,49.02601462526804,51.58746337890625,2317900,0.0,0.0
2015-04-10 00:00:00-04:00,52.00710108126241,52.34804472064406,51.20282078527479,51.36017990112305,1231600,0.0,0.0
2015-04-13 00:00:00-04:00,51.23779334311658,51.52628284985059,50.95804452785436,51.03672409057617,766600,0.0,0.0
2015-04-14 00:00:00-04:00,51.16785220278204,51.55250930786133,50.76571371553442,51.55250930786133,830300,0.0,0.0
2015-04-15 00:00:00-04:00,51.66615122654024,52.173197979308995,51.106653661325424,51.84973907470703,1122100,0.0,0.0
2015-04-16 00:00:00-04:00,51.78854065978353,51.80602203947904,51.17658898952308,51.35143280029297,1291700,0.0,0.0
2015-04-17 00:00:00-04:00,51.07168347154824,51.63992505364671,50.82690412411801,51.622440338134766,890400,0.0,0.0
2015-04-20 00:00:00-04:00,51.806033561749274,51.989621438067324,51.395154350154236,51.74483871459961,594300,0.0,0.0
2015-04-21 00:00:00-04:00,51.849741965414154,51.93716221427708,50.85313312008561,51.36017990112305,974800,0.0,0.0
2015-04-22 00:00:00-04:00,51.386412659746156,51.83226466338589,51.150373952207914,51.52628707885742,815300,0.0,0.0
2015-04-23 00:00:00-04:00,51.27276624978587,51.63993534409815,51.18534265480497,51.535030364990234,755500,0.0,0.0
2015-04-24 00:00:00-04:00,51.63992255606582,52.15570996668223,51.333948386576566,51.57872772216797,709600,0.0,0.0
2015-04-27 00:00:00-04:00,51.648684644310364,51.91968947924757,51.0542174772224,51.159122467041016,805500,0.0,0.0
2015-04-28 00:00:00-04:00,51.097910273857096,52.01583612676755,50.6608024072456,51.97212600708008,756600,0.0,0.0
2015-04-29 00:00:00-04:00,51.37766591625803,52.71521509990132,51.35144050791014,52.671504974365234,852700,0.0,0.0
2015-04-30 00:00:00-04:00,52.671495607954434,53.134828859007655,51.98960843321675,52.190677642822266,1485500,0.0,0.0
2015-05-01 00:00:00-04:00,52.57534043592342,53.126097352573055,52.28685094092424,52.83760452270508,735100,0.0,0.0
2015-05-04 00:00:00-04:00,53.05614489233009,53.23098868368293,52.44419662489708,52.55784225463867,885900,0.0,0.0
2015-05-05 00:00:00-04:00,52.566613806840905,53.06491670548712,52.09453632342775,52.452964782714844,1174000,0.0,0.0
2015-05-06 00:00:00-04:00,52.91629823780386,53.09114212072018,52.24315145624132,52.452964782714844,1487400,0.0,0.0
2015-05-07 00:00:00-04:00,54.446165280595125,56.42189508559644,53.7118237899089,54.92698669433594,3725400,0.0,0.0
2015-05-08 00:00:00-04:00,55.705031405054,56.81528252763781,55.180499928258115,55.21546936035156,1781800,0.0,0.0
2015-05-11 00:00:00-04:00,55.21546032016645,55.6001140056109,54.822062610695966,55.29413986206055,1268200,0.0,0.0
2015-05-12 00:00:00-04:00,55.13678097346917,55.2591706313226,54.210111180643416,54.79583740234375,1059900,0.0,0.0
2015-05-13 00:00:00-04:00,54.8395579043579,55.04062714246546,54.58603451657802,54.673458099365234,860700,0.0,0.0
2015-05-14 00:00:00-04:00,54.90949750344989,55.82742345832047,54.73465367041056,55.6263542175293,1085300,0.0,0.0
2015-05-15 00:00:00-04:00,55.36408656396755,56.64918481880823,55.00565489518089,56.28200912475586,1142500,0.0,0.0
2015-05-18 00:00:00-04:00,56.15961025144063,56.15961025144063,55.17174898980535,55.302879333496094,1318800,0.0,0.0
2015-05-19 00:00:00-04:00,55.276661066245026,55.381566021711215,54.349991177499845,54.81332778930664,1140500,0.0,0.0
2015-05-20 00:00:00-04:00,54.89201205403023,54.97069161110438,54.498614268659495,54.673458099365234,909500,0.0,0.0
2015-05-21 00:00:00-04:00,54.40244789883548,54.909494654858136,54.24508879075043,54.82207107543945,669900,0.0,0.0
2015-05-22 00:00:00-04:00,54.44616643091774,54.63849500047753,53.90415349427635,54.087738037109375,1022300,0.0,0.0
2015-05-26 00:00:00-04:00,53.720560578584504,53.89540440230878,53.14357829470239,53.467037200927734,825400,0.0,0.0
2015-05-27 00:00:00-04:00,53.467032511132345,53.82546081763716,53.292188702744276,53.60690689086914,642900,0.0,0.0
2015-05-28 00:00:00-04:00,53.59817503591009,53.81672899870309,52.688989750322655,52.9687385559082,867500,0.0,0.0
2015-05-29 00:00:00-04:00,52.977481856334066,53.029936010540645,52.3655333982689,52.58408737182617,1374100,0.0,0.0
2015-06-01 00:00:00-04:00,52.78515214301274,53.08238565519425,52.269364675840954,52.321815490722656,1272000,0.0,0.0
2015-06-02 00:00:00-04:00,52.31306590170627,53.204766286577566,52.25187107150738,53.02992248535156,840600,0.0,0.0
2015-06-03 00:00:00-04:00,53.24848086410544,54.157666038753945,53.21351143395702,53.720558166503906,617800,0.0,0.0
2015-06-04 00:00:00-04:00,53.37087716415637,53.93911880261225,53.21351804381071,53.56320571899414,1100600,0.0,0.0
2015-06-05 00:00:00-04:00,53.36212398607045,53.64187272680762,52.93375685095338,53.44080352783203,688800,0.0,0.0
2015-06-08 00:00:00-04:00,53.47578319074532,53.77301672007115,53.003709155237495,53.05615997314453,647300,0.0,0.0
2015-06-09 00:00:00-04:00,53.091127019142775,53.43207065967109,52.86383237041347,52.97747802734375,499100,0.0,0.0
2015-06-10 00:00:00-04:00,53.388356429928294,53.685589923023116,53.064897531076674,53.47577667236328,758700,0.0,0.0
2015-06-11 00:00:00-04:00,53.58942325538675,53.92162616452504,53.493258992093956,53.72929763793945,600400,0.0,0.0
2015-06-12 00:00:00-04:00,53.632692214228236,53.632692214228236,52.332719103505696,52.50838851928711,857600,0.29,0.0
2015-06-15 00:00:00-04:00,52.28880243925363,52.28880243925363,50.53208134026249,50.87464141845703,1206000,0.0,0.0
2015-06-16 00:00:00-04:00,50.87464243561082,51.305040587767756,50.62870254905237,50.927345275878906,997100,0.0,0.0
2015-06-17 00:00:00-04:00,51.313803469587846,51.744201460287876,50.804356274159204,51.34015655517578,805000,0.0,0.0
2015-06-18 00:00:00-04:00,51.41921901636197,52.438116954185695,51.146926084019434,52.385414123535156,1274000,0.0,0.0
2015-06-19 00:00:00-04:00,52.35028044608472,52.376633537526246,51.42800266193071,51.471920013427734,918400,0.0,0.0
2015-06-22 00:00:00-04:00,51.682711632039585,51.90230167069531,51.30501649749748,51.83203125,649200,0.0,0.0
2015-06-23 00:00:00-04:00,51.928661602789155,52.00771416625961,51.29624444570427,51.788124084472656,489000,0.0,0.0
2015-06-24 00:00:00-04:00,51.95502261429059,52.07799254273581,50.61112883034689,50.62869644165039,881200,0.0,0.0
2015-06-25 00:00:00-04:00,50.81314334896227,51.357729161750434,50.65503822275652,51.18205642700195,805900,0.0,0.0
2015-06-26 00:00:00-04:00,51.428008487074166,51.99894417324156,51.19963622301492,51.91110610961914,1577700,0.0,0.0
2015-06-29 00:00:00-04:00,51.53340731126882,51.82326787550874,49.28480664618996,49.39899444580078,1295800,0.0,0.0
2015-06-30 00:00:00-04:00,49.82060120201496,49.92600350810512,48.2307677278768,48.54697799682617,1213900,0.0,0.0
2015-07-01 00:00:00-04:00,48.71386683662676,49.038862596160214,47.27335632097025,47.835506439208984,1871900,0.0,0.0
2015-07-02 00:00:00-04:00,47.905779271385306,48.42401206576563,47.6949712911801,48.33617401123047,1462100,0.0,0.0
2015-07-06 00:00:00-04:00,47.65984414332044,48.230779867142886,47.43147186419931,47.65106201171875,1247700,0.0,0.0
2015-07-07 00:00:00-04:00,47.624712266233935,47.81794931758882,46.52676152863673,47.65106201171875,1092100,0.0,0.0
2015-07-08 00:00:00-04:00,47.31726964985413,47.63347990216276,46.517961890153416,46.61458206176758,986600,0.0,0.0
2015-07-09 00:00:00-04:00,47.33484571067239,47.57200344225161,46.92201521303309,46.93958282470703,918500,0.0,0.0
2015-07-10 00:00:00-04:00,47.58956264598398,47.79158511852276,47.27335239307851,47.43145751953125,528500,0.0,0.0
2015-07-13 00:00:00-04:00,47.72132270312613,48.88075817674558,47.598349431105476,48.64360046386719,878900,0.0,0.0
2015-07-14 00:00:00-04:00,48.53818973462047,48.669945122690315,48.15171240065625,48.59967803955078,692200,0.0,0.0
2015-07-15 00:00:00-04:00,48.50306414405728,48.56454910626424,47.46659856588394,47.66862106323242,571700,0.0,0.0
2015-07-16 00:00:00-04:00,47.71253075913254,48.02874100013411,47.09767788503823,47.80036544799805,977500,0.0,0.0
2015-07-17 00:00:00-04:00,47.63348665158685,47.63348665158685,46.52675396236694,46.561885833740234,668000,0.0,0.0
2015-07-20 00:00:00-04:00,46.456481273100664,46.6585037641203,46.04365081063326,46.33351135253906,809900,0.0,0.0
2015-07-21 00:00:00-04:00,46.35985152770526,46.87808419363755,45.64838189104927,45.7537841796875,557400,0.0,0.0
2015-07-22 00:00:00-04:00,45.66595277173092,45.859189756309206,45.226772628458825,45.42000961303711,592900,0.0,0.0
2015-07-23 00:00:00-04:00,45.53420911135084,45.74501710869296,45.05111149951281,45.07746124267578,694000,0.0,0.0
2015-07-24 00:00:00-04:00,44.98083552128117,45.068673572160066,43.39100533318199,43.75113296508789,800700,0.0,0.0
2015-07-27 00:00:00-04:00,43.39978746293036,44.01464041636652,43.066009570948616,43.75113296508789,842700,0.0,0.0
2015-07-28 00:00:00-04:00,43.83017576914847,44.770020924719425,43.55788289811567,44.60313034057617,893700,0.0,0.0
2015-07-29 00:00:00-04:00,44.726098377013884,45.6835110991011,44.40110605136685,45.59567642211914,1146400,0.0,0.0
2015-07-30 00:00:00-04:00,45.62203323604196,47.027411740628175,45.23555590638705,46.904441833496094,1830700,0.0,0.0
2015-07-31 00:00:00-04:00,47.282135775871865,48.142928453563705,46.85173776168665,47.60712814331055,2140100,0.0,0.0
2015-08-03 00:00:00-04:00,47.519296782645384,47.703755015036,46.553101673097984,46.80782699584961,889900,0.0,0.0
2015-08-04 00:00:00-04:00,46.913235442622664,47.61592319153413,46.816615248894934,47.106475830078125,985200,0.0,0.0
2015-08-05 00:00:00-04:00,47.64227512275473,47.65105725347948,46.14027611718862,46.78147888183594,1484800,0.0,0.0
2015-08-06 00:00:00-04:00,47.15039338818858,47.15039338818858,43.52276347112063,45.47272491455078,3863700,0.0,0.0
2015-08-07 00:00:00-04:00,45.6132620715976,46.57945730332461,44.84030387580831,45.00719451904297,955900,0.0,0.0
2015-08-10 00:00:00-04:00,45.007183907258884,46.31593889709878,44.93691347390117,46.28080368041992,849100,0.0,0.0
2015-08-11 00:00:00-04:00,45.65716460147507,45.780134498234894,45.156499535708114,45.67473220825195,785400,0.0,0.0
2015-08-12 00:00:00-04:00,45.19164353163342,45.525421423902635,44.172745595313884,44.90178298950195,979600,0.0,0.0
2015-08-13 00:00:00-04:00,44.83152367191976,45.086249037831486,44.023430216432814,44.28693771362305,966800,0.0,0.0
2015-08-14 00:00:00-04:00,44.313287579253384,45.04232504670323,44.172750034282366,44.89300537109375,600700,0.0,0.0
2015-08-17 00:00:00-04:00,44.638281743220254,45.63083007756833,44.313289286208395,45.47272491455078,1194100,0.0,0.0
2015-08-18 00:00:00-04:00,45.340967748601564,45.43758793902152,44.78760305003533,44.89300537109375,807200,0.0,0.0
2015-08-19 00:00:00-04:00,44.647057429169024,45.01596716148367,43.3997840113174,43.81261444091797,946600,0.0,0.0
2015-08-20 00:00:00-04:00,43.399777038768605,43.865306869234864,43.04843162100048,43.32072448730469,831300,0.0,0.0
2015-08-21 00:00:00-04:00,42.89034705396815,42.90791131628376,40.99308505864308,41.116058349609375,1381200,0.0,0.0
2015-08-24 00:00:00-04:00,38.885013913112815,40.2552572941304,37.23369548224735,38.94649887084961,2099600,0.0,0.0
2015-08-25 00:00:00-04:00,40.06201221496488,40.158632380204644,37.57625105717278,37.59381866455078,1288400,0.0,0.0
2015-08-26 00:00:00-04:00,38.27016626779486,38.34921884589425,37.16343352508276,37.83098602294922,3192700,0.0,0.0
2015-08-27 00:00:00-04:00,38.41949448219503,40.580260774497894,38.29652118245925,39.64041519165039,2054100,0.0,0.0
2015-08-28 00:00:00-04:00,39.473508402035186,40.91402202562996,39.32418876796192,39.78971862792969,1459800,0.0,0.0
2015-08-31 00:00:00-04:00,39.48231342637931,39.982978748337324,38.63030249045631,39.71068572998047,1435800,0.0,0.0
2015-09-01 00:00:00-04:00,38.77083071716852,39.13095837683967,37.41815478545573,37.63774490356445,2076100,0.0,0.0
2015-09-02 00:00:00-04:00,38.20867894077292,38.34043434635759,37.24248380208251,37.53234100341797,1618600,0.0,0.0
2015-09-03 00:00:00-04:00,37.82219838294123,37.82219838294123,37.13707502231927,37.65530776977539,2688500,0.0,0.0
2015-09-04 00:00:00-04:00,37.040449990511696,37.34787808722639,36.79451019368268,37.26882553100586,1528800,0.0,0.0
2015-09-08 00:00:00-04:00,38.00664985472735,38.00664985472735,37.56746971314374,37.78705978393555,2991800,0.0,0.0
2015-09-09 00:00:00-04:00,38.199885630901875,38.674197580697474,37.69043511913119,37.79583740234375,1483200,0.0,0.0
2015-09-10 00:00:00-04:00,37.7519237802743,37.98908145385959,37.321529126887995,37.59381866455078,1659400,0.0,0.0
2015-09-11 00:00:00-04:00,37.312748752145644,37.6201768972983,36.5397906751674,36.891136169433594,873900,0.0,0.0
2015-09-14 00:00:00-04:00,36.917682784454165,37.35107006218003,36.59042731060642,37.041507720947266,1203300,0.29,0.0
2015-09-15 00:00:00-04:00,37.35990121841638,39.385328824426296,37.35990121841638,39.15536880493164,4852000,0.0,0.0
2015-09-16 00:00:00-04:00,39.38533091280459,39.92485654842798,39.04923574141236,39.57107162475586,1408200,0.0,0.0
2015-09-17 00:00:00-04:00,39.438402599837765,40.45554148776862,39.41186965677059,39.84525680541992,1665400,0.0,0.0
2015-09-18 00:00:00-04:00,39.288037188757464,40.46438035745492,39.23497130828848,40.42900085449219,2980200,0.0,0.0
2015-09-21 00:00:00-04:00,40.76510525535136,41.73801810911177,40.33171471658226,41.03929138183594,2045500,0.0,0.0
2015-09-22 00:00:00-04:00,40.57936205509623,40.685497190009315,39.898321805951674,40.42900085449219,1777900,0.0,0.0
2015-09-23 00:00:00-04:00,40.287488482448175,40.853547065787446,39.960236496575526,40.075218200683594,1409000,0.0,0.0
2015-09-24 00:00:00-04:00,39.420711753177336,40.269799647533,38.43895239921438,39.9956169128418,1622000,0.0,0.0
2015-09-25 00:00:00-04:00,40.225585561094555,40.72088862579068,39.62414733038357,39.91602325439453,1426700,0.0,0.0
2015-09-28 00:00:00-04:00,39.64182645151668,39.70373889624615,36.83806656484565,36.95304489135742,1738200,0.0,0.0
2015-09-29 00:00:00-04:00,36.72308353424557,37.76675524184794,36.70539378296713,37.61639404296875,1479700,0.0,0.0
2015-09-30 00:00:00-04:00,38.058632627201646,39.26150887796844,38.0055667404755,39.00501251220703,1366800,0.0,0.0
2015-10-01 00:00:00-04:00,39.173064200110595,40.00446238911305,39.00501322513815,39.951393127441406,1621200,0.0,0.0
2015-10-02 00:00:00-04:00,39.39417569861533,40.81816864013672,39.199591806290634,40.81816864013672,1231400,0.0,0.0
2015-10-05 00:00:00-04:00,41.110049680818875,42.10949891720242,41.02160427893395,41.950294494628906,1024800,0.0,0.0
2015-10-06 00:00:00-04:00,42.28638740957762,43.19738774761717,42.0475808078247,42.109493255615234,1637200,0.0,0.0
2015-10-07 00:00:00-04:00,42.36597843816384,43.43618289515683,42.16254802166815,43.2592887878418,1903300,0.0,0.0
2015-10-08 00:00:00-04:00,43.10893523252784,45.098986544242095,43.01164329523029,44.727508544921875,1726100,0.0,0.0
2015-10-09 00:00:00-04:00,45.43509317872777,45.886173479735895,44.709830120220246,44.860191345214844,1927900,0.0,0.0
2015-10-12 00:00:00-04:00,45.17860719241064,45.3378082583432,44.49756672701794,44.67445755004883,1161600,0.0,0.0
2015-10-13 00:00:00-04:00,44.382582971851704,45.03708708480518,44.10839681027734,44.453338623046875,917200,0.0,0.0
2015-10-14 00:00:00-04:00,44.35603011392078,45.74464330681438,44.285271120511794,45.49699020385742,905800,0.0,0.0
2015-10-15 00:00:00-04:00,45.753500548093136,45.833102753142384,44.23221546225222,45.52354049682617,1460100,0.0,0.0
2015-10-16 00:00:00-04:00,45.72698425734224,46.63798497825039,45.603159309720944,46.39033508300781,2035000,0.0,0.0
2015-10-19 00:00:00-04:00,46.063073718092106,46.34610307704396,45.850800011890165,46.22227478027344,1555600,0.0,0.0
2015-10-20 00:00:00-04:00,46.16035553279232,46.82370612793637,46.04537719222979,46.080753326416016,939800,0.0,0.0
2015-10-21 00:00:00-04:00,46.346103240317774,46.73526776675355,45.125537016802866,45.267051696777344,1160100,0.0,0.0
2015-10-22 00:00:00-04:00,45.833107346049744,46.982914465557116,45.42625309012767,46.33725357055664,1463700,0.0,0.0
2015-10-23 00:00:00-04:00,46.761799273837376,47.46052946079334,46.42570402799041,46.505306243896484,1266200,0.0,0.0
2015-10-26 00:00:00-04:00,46.37262552312688,46.85023872343471,46.036526970246335,46.59374237060547,1085400,0.0,0.0
2015-10-27 00:00:00-04:00,46.20457933280137,46.434539376593406,45.12552800475887,45.93039321899414,1697700,0.0,0.0
2015-10-28 00:00:00-04:00,46.03652181440382,47.823146146815525,45.797715240994954,47.3897590637207,1772600,0.0,0.0
2015-10-29 00:00:00-04:00,47.168661647566935,48.28308940800804,46.956387925876264,48.01774978637695,1433500,0.0,0.0
2015-10-30 00:00:00-04:00,48.05311644809595,48.08849258060098,46.81486071308293,47.33669662475586,1412200,0.0,0.0
2015-11-02 00:00:00-05:00,47.99121238457525,48.530738181694275,47.81432155677829,47.97352600097656,2509400,0.0,0.0
2015-11-03 00:00:00-05:00,48.14155435754034,49.07024432746341,47.99119316535713,48.353824615478516,1563700,0.0,0.0
2015-11-04 00:00:00-05:00,48.5926439352296,48.91105277965164,47.566661755411815,47.95582962036133,2019500,0.0,0.0
2015-11-05 00:00:00-05:00,46.434545722268126,46.717575064371495,42.595956474268256,43.71923065185547,5880300,0.0,0.0
2015-11-06 00:00:00-05:00,43.76345215204642,44.96632850993865,43.63962724002383,44.82481384277344,2224200,0.0,0.0
2015-11-09 00:00:00-05:00,44.55947604479558,44.94864055156234,43.763453901436364,44.152618408203125,2509600,0.0,0.0
2015-11-10 00:00:00-05:00,44.170295959353965,44.51524104214844,43.568857922549505,43.851890563964844,1199000,0.0,0.0
2015-11-11 00:00:00-05:00,44.09070688286928,44.214535176438304,42.84360774786306,43.250465393066406,1645300,0.0,0.0
2015-11-12 00:00:00-05:00,42.578257792253375,43.215075365467285,41.43729409823686,41.49920654296875,1314500,0.0,0.0
2015-11-13 00:00:00-05:00,41.348850047387316,42.66670792916869,41.11889001295633,42.11833572387695,2017100,0.0,0.0
2015-11-16 00:00:00-05:00,41.95029207438515,42.516350711332926,41.58766054921701,42.43674850463867,1024500,0.0,0.0
2015-11-17 00:00:00-05:00,42.55173610049564,43.27699925106686,42.16256820332741,42.91436767578125,1743000,0.0,0.0
2015-11-18 00:00:00-05:00,43.020500151741956,44.98401914949202,42.87898548179449,44.939796447753906,1593600,0.0,0.0
2015-11-19 00:00:00-05:00,44.665616301649024,45.231675057516874,44.49756866286835,44.83366394042969,1066300,0.0,0.0
2015-11-20 00:00:00-05:00,45.05476346423895,45.965767085971024,44.88671589031508,45.70042419433594,1304600,0.0,0.0
2015-11-23 00:00:00-05:00,45.61197882369647,46.12497148207003,45.32010636639515,46.08959197998047,1609500,0.0,0.0
2015-11-24 00:00:00-05:00,45.94809047641294,46.95638295628505,45.70043726498795,46.885623931884766,1567700,0.0,0.0
2015-11-25 00:00:00-05:00,46.779479700104794,47.06250899488295,46.478760652656085,46.788326263427734,649700,0.0,0.0
2015-11-27 00:00:00-05:00,46.78833032976819,47.177494800416326,46.66450205031251,46.97406768798828,312000,0.0,0.0
2015-11-30 00:00:00-05:00,47.13326752951976,47.487052457431574,46.96521656783451,47.372074127197266,814900,0.0,0.0
2015-12-01 00:00:00-05:00,47.47820698616253,47.58434212203723,46.72641109825617,46.83254623413086,1255800,0.0,0.0
2015-12-02 00:00:00-05:00,46.65565282255499,46.93868210530461,45.81540816327792,46.239952087402344,934900,0.0,0.0
2015-12-03 00:00:00-05:00,46.23111832342585,46.84139970615054,45.81541750352556,46.72642135620117,1451100,0.0,0.0
2015-12-04 00:00:00-05:00,46.44340292424373,47.33671729610999,45.939256545656605,46.867950439453125,1189800,0.0,0.0
2015-12-07 00:00:00-05:00,46.461081811387494,46.57606354376192,45.001712300074544,45.196292877197266,968500,0.0,0.0
2015-12-08 00:00:00-05:00,44.709826002461,44.85134065025888,43.931493752584984,44.028785705566406,731400,0.0,0.0
2015-12-09 00:00:00-05:00,44.90441275046362,45.47931456741434,43.887273835432694,44.24106216430664,1564900,0.0,0.0
2015-12-10 00:00:00-05:00,44.16145285488126,44.18798579438708,43.365430929956446,43.524635314941406,833800,0.0,0.0
2015-12-11 00:00:00-05:00,42.67941952812473,43.061995366248716,42.09221065467483,42.661624908447266,1399600,0.29,0.0
2015-12-14 00:00:00-05:00,42.55486328362847,42.67942223529492,41.22919288237076,42.49258041381836,1586600,0.0,0.0
2015-12-15 00:00:00-05:00,42.795081452214326,43.898324165609,42.70611174367241,43.31111526489258,1032400,0.0,0.0
2015-12-16 00:00:00-05:00,43.72927624718298,46.318333892272626,43.37339065854788,46.11370086669922,2259400,0.0,0.0
2015-12-17 00:00:00-05:00,46.25605746228145,47.24363341737127,45.66884857823873,46.63862991333008,1716100,0.0,0.0
2015-12-18 00:00:00-05:00,46.2738547354961,47.430481428710905,45.3485581324923,45.535396575927734,2112400,0.0,0.0
2015-12-21 00:00:00-05:00,45.90906287031871,46.14928512530005,45.188399499351064,45.78450393676758,841100,0.0,0.0
2015-12-22 00:00:00-05:00,45.909068174484105,48.729452699365154,45.75781899311907,48.320186614990234,1159400,0.0,0.0
2015-12-23 00:00:00-05:00,48.542614779383435,50.22416738194415,48.48033530476835,50.08181381225586,1068400,0.0,0.0
2015-12-24 00:00:00-05:00,50.046205477387026,50.26863305728653,49.645835154772826,49.779293060302734,380700,0.0,0.0
2015-12-28 00:00:00-05:00,49.57467657532174,50.5266666622655,49.04974717648555,50.4910774230957,856400,0.0,0.0
2015-12-29 00:00:00-05:00,51.078289199448726,51.594323014839105,50.0373293493346,50.47328567504883,759600,0.0,0.0
2015-12-30 00:00:00-05:00,50.197464442328105,50.891440935551316,50.05511089904727,50.12628936767578,733700,0.0,0.0
2015-12-31 00:00:00-05:00,49.87718707578155,51.14947375063808,49.672554005598805,49.832698822021484,663000,0.0,0.0
2016-01-04 00:00:00-05:00,48.907404702131146,49.54799418253943,48.28460645136475,49.42343521118164,1284700,0.0,0.0
2016-01-05 00:00:00-05:00,49.423428019876106,49.91276821928538,47.937612800618126,48.66717529296875,1232100,0.0,0.0
2016-01-06 00:00:00-05:00,47.572831939950035,48.26680519586402,46.12260255702343,46.540767669677734,1240000,0.0,0.0
2016-01-07 00:00:00-05:00,45.60655861890872,45.99803341004284,44.02287501906968,44.4410400390625,1521000,0.0,0.0
2016-01-08 00:00:00-05:00,44.88590668343734,45.44642538960671,43.56913521981529,43.60472106933594,1127400,0.0,0.0
2016-01-11 00:00:00-05:00,43.80935655701101,44.06737008174085,42.154494104583755,42.741703033447266,1313200,0.0,0.0
2016-01-12 00:00:00-05:00,43.408988425867506,43.75597507628088,42.75060097571551,43.55134201049805,1299100,0.0,0.0
2016-01-13 00:00:00-05:00,44.147436617299334,45.61546038493748,42.09220741537762,42.448089599609375,1463300,0.0,0.0
2016-01-14 00:00:00-05:00,42.732800503961876,44.174134169275234,41.674046075322096,43.50685119628906,1303200,0.0,0.0
2016-01-15 00:00:00-05:00,42.385815312106814,42.72390631332197,40.73095294097299,42.62603759765625,1446900,0.0,0.0
2016-01-19 00:00:00-05:00,43.1331797078916,44.040685142344465,42.32354300568032,43.079795837402344,1699800,0.0,0.0
2016-01-20 00:00:00-05:00,42.31464825346734,43.408992165973714,41.069051735146964,42.71501541137695,1356500,0.0,0.0
2016-01-21 00:00:00-05:00,42.69721156131037,45.14391561813246,42.19007341616526,43.9783935546875,1844300,0.0,0.0
2016-01-22 00:00:00-05:00,45.07274394275838,46.50517871331963,45.063848329104985,45.633262634277344,1533300,0.0,0.0
2016-01-25 00:00:00-05:00,45.45531459756045,45.59766815751265,44.21861740910515,44.467735290527344,1634100,0.0,0.0
2016-01-26 00:00:00-05:00,44.81472663449858,46.6831211252843,44.5567131130754,46.1581916809082,1524200,0.0,0.0
2016-01-27 00:00:00-05:00,45.864581205519805,46.496274923222714,44.87700188670101,45.31296157836914,1429600,0.0,0.0
2016-01-28 00:00:00-05:00,45.95354918461697,46.727596377759824,45.62435385235775,46.051414489746094,1176700,0.0,0.0
2016-01-29 00:00:00-05:00,46.078109432697616,46.852156648010514,45.50869523320416,46.8343620300293,2887700,0.0,0.0
2016-02-01 00:00:00-05:00,46.149284955254004,47.110173971638794,45.34854750224306,46.994510650634766,1463300,0.0,0.0
2016-02-02 00:00:00-05:00,46.41619274258748,47.1724486646534,45.6866304420375,46.140384674072266,1279500,0.0,0.0
2016-02-03 00:00:00-05:00,46.85215794580746,47.706279268706666,45.5175921060363,47.6173095703125,1447600,0.0,0.0
2016-02-04 00:00:00-05:00,47.72408025335205,48.27569992372757,45.579877653852066,46.2204704284668,2213800,0.0,0.0
2016-02-05 00:00:00-05:00,45.71332882139113,46.88774647104512,45.126119996564135,45.855682373046875,1380300,0.0,0.0
2016-02-08 00:00:00-05:00,45.29516287901983,45.29516287901983,42.25235450006436,43.40897750854492,1940700,0.0,0.0
2016-02-09 00:00:00-05:00,42.901849604740526,44.512223745718295,42.777290653944114,44.387664794921875,1709400,0.0,0.0
2016-02-10 00:00:00-05:00,45.019348380083436,45.419718769984456,43.96059414365728,44.56559753417969,1101400,0.0,0.0
2016-02-11 00:00:00-05:00,43.40007559779586,45.22398477468092,43.079779285875055,44.56559753417969,1186000,0.0,0.0
2016-02-12 00:00:00-05:00,45.09053500994892,46.282747390173206,44.52112074965852,45.71333312988281,1183300,0.0,0.0
2016-02-16 00:00:00-05:00,46.43398878675312,46.816564565144006,45.41971938133584,46.549652099609375,1652000,0.0,0.0
2016-02-17 00:00:00-05:00,47.101257499581045,48.26677910156037,46.71868183610597,46.950008392333984,1782800,0.0,0.0
2016-02-18 00:00:00-05:00,45.67773590965921,49.46790103876423,45.3307493675411,48.51591110229492,3044500,0.0,0.0
2016-02-19 00:00:00-05:00,48.41805168632734,48.52481940742266,47.39488648065622,48.471435546875,1036900,0.0,0.0
2016-02-22 00:00:00-05:00,48.791732527275705,49.37004581146172,48.622688724410274,48.7828369140625,1382600,0.0,0.0
2016-02-23 00:00:00-05:00,48.462550699050546,49.459025892789256,46.7187148675359,46.8521728515625,1223900,0.0,0.0
2016-02-24 00:00:00-05:00,46.23825354975776,47.47495054230987,45.4019235477908,47.43046569824219,971000,0.0,0.0
2016-02-25 00:00:00-05:00,47.68848627247566,49.343348513122415,47.38598453607812,49.32555389404297,833000,0.0,0.0
2016-02-26 00:00:00-05:00,49.770417456695355,50.588953100438054,49.423430811947895,50.32204055786133,885000,0.0,0.0
2016-02-29 00:00:00-05:00,50.35761115494202,51.55872232369373,49.921654926043175,50.01952362060547,1441700,0.0,0.0
2016-03-01 00:00:00-05:00,50.820274390711994,52.368372506845205,50.71351005669566,52.1904296875,1483700,0.0,0.0
2016-03-02 00:00:00-05:00,51.83454360316773,52.86660787372448,51.04270162756517,51.3452033996582,1144900,0.0,0.0
2016-03-03 00:00:00-05:00,51.140567813268554,51.505349044427085,49.85048669049631,50.909244537353516,1257200,0.0,0.0
2016-03-04 00:00:00-05:00,51.176141142984385,53.2758581696135,51.02488861446835,52.644161224365234,1393700,0.0,0.0
2016-03-07 00:00:00-05:00,52.510709301951046,53.35593487823759,51.532025805312344,52.314971923828125,1807600,0.0,0.0
2016-03-08 00:00:00-05:00,51.896815084213905,52.60858280528296,51.64769383635758,52.030269622802734,1502500,0.0,0.0
2016-03-09 00:00:00-05:00,52.31498679393926,53.685142042303426,52.137043980882886,53.59617233276367,1418000,0.0,0.0
2016-03-10 00:00:00-05:00,53.28476360711021,53.86307681471904,52.43064230471445,52.83101272583008,1364600,0.0,0.0
2016-03-11 00:00:00-05:00,53.19580440598846,55.073094555613274,52.893302627461566,54.48588562011719,1109500,0.0,0.0
2016-03-14 00:00:00-04:00,53.989608850336474,54.50822205807363,53.40840104123533,53.66770935058594,1350700,0.305,0.0
2016-03-15 00:00:00-04:00,53.05968594690516,53.68560135891484,52.61260399703605,52.925559997558594,1318000,0.0,0.0
2016-03-16 00:00:00-04:00,52.84509847983772,55.16098370251221,52.84509847983772,55.098392486572266,1461300,0.0,0.0
2016-03-17 00:00:00-04:00,54.964258165318796,56.216085627497634,54.3293991792585,55.822654724121094,1335400,0.0,0.0
2016-03-18 00:00:00-04:00,55.76006165051625,56.10878502764288,54.275749704948666,54.88378143310547,1907600,0.0,0.0
2016-03-21 00:00:00-04:00,54.883779422650946,55.375568870095876,54.49928868478422,55.11626052856445,1155200,0.0,0.0
2016-03-22 00:00:00-04:00,54.86589593087274,55.9388932633613,54.713886298379315,55.58122634887695,1225700,0.0,0.0
2016-03-23 00:00:00-04:00,55.39344456345312,55.608041951642626,54.776469397739326,54.8927116394043,1054500,0.0,0.0
2016-03-24 00:00:00-04:00,54.24892560847364,55.51864020051959,53.953853276503786,55.36663055419922,711000,0.0,0.0
2016-03-28 00:00:00-04:00,55.42921328438249,55.670634499245814,55.00895522339064,55.54545211791992,811800,0.0,0.0
2016-03-29 00:00:00-04:00,55.51864426540979,56.33233338903503,55.00002749535862,56.296566009521484,798000,0.0,0.0
2016-03-30 00:00:00-04:00,56.59162919714072,57.45002564890539,56.2518459892056,57.21754455566406,1074200,0.0,0.0
2016-03-31 00:00:00-04:00,57.11918714344339,57.52156155426444,56.91352986923804,57.16389465332031,1224800,0.0,0.0
2016-04-01 00:00:00-04:00,56.72576098253642,58.567739987179806,56.689997016098914,58.29948806762695,2455900,0.0,0.0
2016-04-04 00:00:00-04:00,58.46042980715941,58.925398827451566,58.11170645290467,58.41572570800781,1470100,0.0,0.0
2016-04-05 00:00:00-04:00,57.78086702243105,58.54984843366384,57.28013065716165,57.67356491088867,822600,0.0,0.0
2016-04-06 00:00:00-04:00,57.61100641533148,59.086378882233056,56.98509071995002,59.04166793823242,1237200,0.0,0.0
2016-04-07 00:00:00-04:00,58.92539749376251,59.84638514297105,57.44108226817812,57.84346008300781,1328200,0.0,0.0
2016-04-08 00:00:00-04:00,58.692924498295504,58.76445925566113,57.637810703907356,57.986534118652344,1559600,0.0,0.0
2016-04-11 00:00:00-04:00,58.2368903846116,58.961167758066644,58.15641891085489,58.34419250488281,1117900,0.0,0.0
2016-04-12 00:00:00-04:00,58.639261706368956,58.88068292275439,58.353129572687465,58.38889694213867,1070000,0.0,0.0
2016-04-13 00:00:00-04:00,58.83599278943148,59.300955058778456,57.610985677258576,58.12065887451172,2325100,0.0,0.0
2016-04-14 00:00:00-04:00,58.33525190916169,58.9164598183444,58.02229590327232,58.52302551269531,1849600,0.0,0.0
2016-04-15 00:00:00-04:00,58.78233623483502,58.880694815209814,58.15642419784045,58.451499938964844,1499200,0.0,0.0
2016-04-18 00:00:00-04:00,58.02227623794744,58.61242749640277,57.89709387801939,58.558773040771484,939500,0.0,0.0
2016-04-19 00:00:00-04:00,58.88068902404781,58.88068902404781,57.76298419511019,58.42466354370117,1958200,0.0,0.0
2016-04-20 00:00:00-04:00,58.32631891877375,58.800224732616456,57.673576217300955,58.701866149902344,1518300,0.0,0.0
2016-04-21 00:00:00-04:00,58.70186423438655,59.0058767005428,58.5945621053099,58.69292068481445,1288100,0.0,0.0
2016-04-22 00:00:00-04:00,58.7108135694641,59.649681709167474,58.7108135694641,59.22942352294922,1269600,0.0,0.0
2016-04-25 00:00:00-04:00,59.34567092448437,59.7927529530258,59.148953740417284,59.542381286621094,1004900,0.0,0.0
2016-04-26 00:00:00-04:00,59.88214138431453,60.75841795058069,59.71224810594713,60.588531494140625,1231400,0.0,0.0
2016-04-27 00:00:00-04:00,60.508069931538806,61.47376858807633,60.15934655366624,60.67796325683594,817100,0.0,0.0
2016-04-28 00:00:00-04:00,60.32923656516171,60.490186332410545,59.14894054597984,59.39036178588867,649500,0.0,0.0
2016-04-29 00:00:00-04:00,59.41719186252282,59.41719186252282,58.63033004091048,59.15789031982422,1069200,0.0,0.0
2016-05-02 00:00:00-04:00,59.39034936544097,61.12502906946414,59.1757519946314,60.713714599609375,1176900,0.0,0.0
2016-05-03 00:00:00-04:00,60.40970200316695,60.883607708856154,59.756966272589494,60.20404815673828,871900,0.0,0.0
2016-05-04 00:00:00-04:00,59.900048273840305,60.41866506421165,59.33672737377304,59.542381286621094,788400,0.0,0.0
2016-05-05 00:00:00-04:00,59.71226184835981,60.919381702434976,59.71226184835981,59.99839401245117,1051400,0.0,0.0
2016-05-06 00:00:00-04:00,59.88212820358486,61.75987011134187,59.61387643593708,61.36643600463867,1424500,0.0,0.0
2016-05-09 00:00:00-04:00,61.133962620315536,62.788163776102586,59.97154730980231,60.15932083129883,1778600,0.0,0.0
2016-05-10 00:00:00-04:00,60.248761579953964,61.16975613431223,59.962629402675724,60.67796325683594,1516100,0.0,0.0
2016-05-11 00:00:00-04:00,63.27104646263526,67.73292290632402,63.190568155343,66.74934387207031,5794600,0.0,0.0
2016-05-12 00:00:00-04:00,67.60774827254792,68.34096256303495,66.84771015051992,67.8402328491211,2190900,0.0,0.0
2016-05-13 00:00:00-04:00,67.58984548295265,68.2515316763997,66.48108416436845,68.09952545166016,2189200,0.0,0.0
2016-05-16 00:00:00-04:00,68.68967732758843,70.10245806676171,68.62708612126708,69.57489776611328,1842500,0.0,0.0
2016-05-17 00:00:00-04:00,69.58383899840294,69.97727332327807,67.9117499396132,68.10846710205078,1829700,0.0,0.0
2016-05-18 00:00:00-04:00,67.80445463059607,69.07416581478269,67.75080015415789,68.10846710205078,1598100,0.0,0.0
2016-05-19 00:00:00-04:00,67.67926553206685,68.55554230475889,67.06229027848751,67.75079345703125,1619700,0.0,0.0
2016-05-20 00:00:00-04:00,68.33200611242727,69.19040266934798,68.06376102572483,68.27835845947266,1246300,0.0,0.0
2016-05-23 00:00:00-04:00,67.83126702819793,68.6270722716524,67.83126702819793,68.28729248046875,1177900,0.0,0.0
2016-05-24 00:00:00-04:00,68.75225270918106,69.2798128884008,68.23363607792865,68.26045989990234,1827400,0.0,0.0
2016-05-25 00:00:00-04:00,68.7611863301354,70.67469600319403,68.30516095663384,70.52268981933594,1200200,0.0,0.0
2016-05-26 00:00:00-04:00,70.8803670046766,71.29168838835642,69.87890783586711,70.67471313476562,1216800,0.0,0.0
2016-05-27 00:00:00-04:00,70.63895853472941,71.72089619492087,70.46906518561558,71.61359405517578,1091700,0.0,0.0
2016-05-31 00:00:00-04:00,71.5330864973129,71.59567767512098,69.75370288083172,70.19184112548828,1486700,0.0,0.0
2016-06-01 00:00:00-04:00,70.19186510066196,71.5331109306109,69.32452503911965,71.24697875976562,1293200,0.0,0.0
2016-06-02 00:00:00-04:00,70.75518959195196,71.48840374444106,70.74625286440741,71.39004516601562,629900,0.0,0.0
2016-06-03 00:00:00-04:00,71.53311920166016,71.84607523378145,70.77308117452849,71.53311920166016,855100,0.0,0.0
2016-06-06 00:00:00-04:00,71.962330317568,73.46452628988288,71.62254359094523,72.39152526855469,1048000,0.0,0.0
2016-06-07 00:00:00-04:00,72.77599185976499,73.16048257046462,72.24843848704582,72.68657684326172,853800,0.0,0.0
2016-06-08 00:00:00-04:00,72.97271820263114,73.65228469332797,72.26632788578944,72.61505126953125,1524300,0.0,0.0
2016-06-09 00:00:00-04:00,72.1053819643772,72.44516181693798,71.38111133200275,71.7656021118164,1124600,0.0,0.0
2016-06-10 00:00:00-04:00,71.53311738219357,71.90866461118696,70.86249440673551,71.38111114501953,1024700,0.0,0.0
2016-06-13 00:00:00-04:00,71.23299084968144,71.6010004694164,70.11099944497765,70.14690399169922,1109400,0.305,0.0
2016-06-14 00:00:00-04:00,70.01227631836957,70.44312410887444,69.13263188479823,70.3713150024414,1162900,0.0,0.0
2016-06-15 00:00:00-04:00,70.5328793782582,71.85234255425382,70.38926117086869,71.54715728759766,1434100,0.0,0.0
2016-06-16 00:00:00-04:00,71.18812109577574,71.85234505593894,70.82908926098766,71.7984848022461,909000,0.0,0.0
2016-06-17 00:00:00-04:00,74.67081597132984,76.28648038998631,73.7911712042989,74.32075500488281,3531100,0.0,0.0
2016-06-20 00:00:00-04:00,74.95800525046613,75.37987512315179,74.19505244893082,74.50920867919922,1736500,0.0,0.0
2016-06-21 00:00:00-04:00,74.45536991178341,75.25422749123436,73.60265891963508,75.0567626953125,1203400,0.0,0.0
2016-06-22 00:00:00-04:00,75.05674866588502,75.28114697430577,74.32969348989863,74.78746795654297,1014000,0.0,0.0
2016-06-23 00:00:00-04:00,75.35293782280917,76.0351104946186,75.20932648816563,75.7568588256836,799000,0.0,0.0
2016-06-24 00:00:00-04:00,72.94740463209467,74.01554285274327,70.55083215956925,70.89192199707031,2465400,0.0,0.0
2016-06-27 00:00:00-04:00,69.50962323304623,70.09305336507126,67.19383101244458,67.62467193603516,2709400,0.0,0.0
2016-06-28 00:00:00-04:00,68.94412688872616,70.452083637778,68.34274112849693,70.27256774902344,2707400,0.0,0.0
2016-06-29 00:00:00-04:00,71.32276419529607,71.67282504131539,70.54185554366414,71.01758575439453,1928400,0.0,0.0
2016-06-30 00:00:00-04:00,71.02655853521343,72.2562638764367,69.94047141548792,71.18812561035156,24895500,0.0,0.0
2016-07-01 00:00:00-04:00,71.31378475041319,73.85397542599728,71.31378475041319,72.9922866821289,1588400,0.0,0.0
2016-07-05 00:00:00-04:00,71.87927948460157,71.99596415864008,71.29584241822091,71.71771240234375,1366400,0.0,0.0
2016-07-06 00:00:00-04:00,71.25992829290541,72.66914943578459,70.7393225590792,72.57939147949219,1341100,0.0,0.0
2016-07-07 00:00:00-04:00,72.8666241683206,73.78216631865156,72.59734343982088,72.9922866821289,865300,0.0,0.0
2016-07-08 00:00:00-04:00,73.78215296722698,75.38884550085413,73.59365923062387,75.02083587646484,1267800,0.0,0.0
2016-07-11 00:00:00-04:00,75.32602246381258,75.39783156598915,74.59897413653027,75.06571960449219,1277100,0.0,0.0
2016-07-12 00:00:00-04:00,75.73891515083471,77.25584991832413,75.63120834477873,76.4928970336914,1297800,0.0,0.0
2016-07-13 00:00:00-04:00,76.76217472541693,76.96862419414244,76.31337808288548,76.78910827636719,955300,0.0,0.0
2016-07-14 00:00:00-04:00,77.16606586308177,78.06365879977349,77.03142555295989,77.22889709472656,707600,0.0,0.0
2016-07-15 00:00:00-04:00,77.57001051666128,78.3509191446615,77.20200082858761,77.5071792602539,899500,0.0,0.0
2016-07-18 00:00:00-04:00,77.39947120338206,77.5789871193465,76.60060688748865,77.38151550292969,700900,0.0,0.0
2016-07-19 00:00:00-04:00,77.14814252401135,77.51615906947822,76.79808167973937,77.1212158203125,630100,0.0,0.0
2016-07-20 00:00:00-04:00,77.22889095452949,77.99184352043966,77.10322850123089,77.74949645996094,948500,0.0,0.0
2016-07-21 00:00:00-04:00,77.42640585784457,77.7315843159453,75.26320255341295,75.64019012451172,1257500,0.0,0.0
2016-07-22 00:00:00-04:00,75.96329260377941,76.68136973809175,75.49654726014015,76.30438232421875,875000,0.0,0.0
2016-07-25 00:00:00-04:00,76.29542654069964,77.39946925556718,76.09795492925235,77.3725357055664,1229800,0.0,0.0
2016-07-26 00:00:00-04:00,77.37254023565743,77.38151808618333,76.18771734569647,76.76217651367188,909200,0.0,0.0
2016-07-27 00:00:00-04:00,76.62752906542849,76.75319155757194,75.50553763693905,76.13385009765625,841100,0.0,0.0
2016-07-28 00:00:00-04:00,75.9902508000241,77.31868502697645,75.62223426606587,76.3941650390625,1037700,0.0,0.0
2016-07-29 00:00:00-04:00,76.10694832334171,76.1159261751756,74.77850702379823,75.5504379272461,1702200,0.0,0.0
2016-08-01 00:00:00-04:00,75.59529881391403,75.83764595966949,75.020839725812,75.31704711914062,1782700,0.0,0.0
2016-08-02 00:00:00-04:00,75.63119890043235,76.0799954645373,75.10161539378062,75.72993469238281,2035300,0.0,0.0
2016-08-03 00:00:00-04:00,75.85559195109076,75.9184231918086,74.5989602886423,75.38883972167969,2404000,0.0,0.0
2016-08-04 00:00:00-04:00,75.55041965751843,75.99024526579191,72.15751838279616,73.71035766601562,2906600,0.0,0.0
2016-08-05 00:00:00-04:00,73.80009844947257,74.18606371807056,73.14485253837692,73.89883422851562,1723300,0.0,0.0
2016-08-08 00:00:00-04:00,73.8988443236964,74.1950517012899,73.18974492646898,73.7552261352539,1495500,0.0,0.0
2016-08-09 00:00:00-04:00,74.04246660418875,74.2040336660128,73.3513228024428,73.61162567138672,1487400,0.0,0.0
2016-08-10 00:00:00-04:00,73.62956487640483,73.89884556019409,73.0640836581581,73.68341827392578,1297800,0.0,0.0
2016-08-11 00:00:00-04:00,73.71036837875404,74.5989838779257,73.2615717036844,74.12326049804688,1133100,0.0,0.0
2016-08-12 00:00:00-04:00,73.97065416329735,75.15547683751834,73.79113142593526,74.50920867919922,1139600,0.0,0.0
2016-08-15 00:00:00-04:00,74.93108805495658,76.10693302941192,74.75156529482666,75.46964263916016,1135700,0.0,0.0
2016-08-16 00:00:00-04:00,75.64915679859979,75.69403919961573,73.2705333547064,73.36029815673828,1066100,0.0,0.0
2016-08-17 00:00:00-04:00,73.40517570640023,73.45005810863704,71.96902786003264,72.30113983154297,1183200,0.0,0.0
2016-08-18 00:00:00-04:00,72.71405078032257,72.9923025717428,72.5255569685771,72.9563980102539,1070100,0.0,0.0
2016-08-19 00:00:00-04:00,72.70505814854673,74.42843566111799,72.54349107873733,74.2668685913086,1755900,0.0,0.0
2016-08-22 00:00:00-04:00,73.85396263460883,75.26318359375,73.36926151611482,75.26318359375,1089000,0.0,0.0
2016-08-23 00:00:00-04:00,75.84664540491445,77.64183227840356,75.54146692350665,75.5504379272461,1299800,0.0,0.0
2016-08-24 00:00:00-04:00,75.25419343488514,75.7658280163465,73.55774322170522,73.7731704711914,1566100,0.0,0.0
2016-08-25 00:00:00-04:00,73.88090451831006,74.84132910381261,73.71933744560431,74.1142807006836,753400,0.0,0.0
2016-08-26 00:00:00-04:00,74.42842424326648,74.96697877731519,73.00125438563273,73.41414642333984,879000,0.0,0.0
2016-08-29 00:00:00-04:00,73.53982212871392,74.45536431623482,73.28849709088833,74.27584838867188,740900,0.0,0.0
2016-08-30 00:00:00-04:00,74.2758402438643,74.94903517054586,73.243606653334,73.36029815673828,760400,0.0,0.0
2016-08-31 00:00:00-04:00,72.92945109383592,72.92945109383592,71.54715667594775,71.78053283691406,1308200,0.0,0.0
2016-09-01 00:00:00-04:00,71.76257083561941,72.97432708740234,71.41251004895531,72.97432708740234,1181500,0.0,0.0
2016-09-02 00:00:00-04:00,74.01556159614347,74.04248830632427,72.79483384858248,73.56676483154297,895200,0.0,0.0
2016-09-06 00:00:00-04:00,73.71928961067424,74.53610229492188,73.4679647380101,74.53610229492188,956200,0.0,0.0
2016-09-07 00:00:00-04:00,74.23991711923613,74.56305115104863,73.71931152930584,74.45533752441406,924700,0.0,0.0
2016-09-08 00:00:00-04:00,74.28483819567205,74.53616327394859,72.5883870692107,72.63326263427734,984300,0.0,0.0
2016-09-09 00:00:00-04:00,71.72669217850996,72.25626899962072,68.67487323623632,68.953125,1849100,0.0,0.0
2016-09-12 00:00:00-04:00,67.85804559214068,69.76094567066744,67.41822683485452,69.5096206665039,1525900,0.0,0.0
2016-09-13 00:00:00-04:00,69.18971497899506,69.8655718044609,68.24351954844559,68.56792449951172,1372700,0.305,0.0
2016-09-14 00:00:00-04:00,68.53188334641862,68.8833283379247,67.70282710026773,68.23450469970703,1657700,0.0,0.0
2016-09-15 00:00:00-04:00,68.39669486951583,69.6673018059853,67.9371104190114,69.61323547363281,1789900,0.0,0.0
2016-09-16 00:00:00-04:00,69.23479673473504,69.52316212974114,68.28859412993542,69.14468383789062,2304900,0.0,0.0
2016-09-19 00:00:00-04:00,69.48710955091099,70.27110612311726,69.42402984109022,69.96471405029297,776700,0.0,0.0
2016-09-20 00:00:00-04:00,70.22604006787762,70.79375740635997,69.19873809814453,69.19873809814453,958300,0.0,0.0
2016-09-21 00:00:00-04:00,69.8926098518573,72.29866554344734,69.84755685212022,72.26261901855469,1483300,0.0,0.0
2016-09-22 00:00:00-04:00,73.01054649054312,73.71344326324447,72.91142716219785,73.1727523803711,1587400,0.0,0.0
2016-09-23 00:00:00-04:00,72.78528514683994,73.06464402937696,72.2806474883304,72.76726531982422,1194000,0.0,0.0
2016-09-26 00:00:00-04:00,72.86635776705684,74.05586517850193,72.79426474207973,73.6233139038086,1350700,0.0,0.0
2016-09-27 00:00:00-04:00,73.36200677447606,74.66866051670434,73.36200677447606,74.56953430175781,831400,0.0,0.0
2016-09-28 00:00:00-04:00,75.19132368000434,76.58809026791623,74.81283864876735,76.4799575805664,1027700,0.0,0.0
2016-09-29 00:00:00-04:00,76.47996650634387,76.87646453151893,74.85790725508153,74.93000030517578,1199900,0.0,0.0
2016-09-30 00:00:00-04:00,75.63288575599829,77.35406425250096,75.23638087976529,77.03866577148438,1380500,0.0,0.0
2016-10-03 00:00:00-04:00,76.77733462997064,77.00262024434869,75.77706595211839,76.44391632080078,966400,0.0,0.0
2016-10-04 00:00:00-04:00,76.57007598573657,76.9395408195346,74.38029953122785,74.452392578125,1056200,0.0,0.0
2016-10-05 00:00:00-04:00,75.17329562897906,75.6328801674565,74.5424987135557,75.19132232666016,974600,0.0,0.0
2016-10-06 00:00:00-04:00,74.82184651330583,75.57880964512331,74.71371383388217,75.37154388427734,979600,0.0,0.0
2016-10-07 00:00:00-04:00,75.54277130541048,75.54277130541048,73.56025384090889,74.22710418701172,974000,0.0,0.0
2016-10-10 00:00:00-04:00,74.99308747604796,76.12852906504462,74.88494789013369,75.22738647460938,623000,0.0,0.0
2016-10-11 00:00:00-04:00,74.8218517561035,74.97504431280153,73.27188574083414,73.641357421875,522600,0.0,0.0
2016-10-12 00:00:00-04:00,73.63233830593184,73.63233830593184,72.33469116219149,73.12770080566406,807800,0.0,0.0
2016-10-13 00:00:00-04:00,72.32570147904535,72.94748515045548,71.26235301722416,72.48790740966797,662900,0.0,0.0
2016-10-14 00:00:00-04:00,73.11871288083411,73.69544361743286,72.78528763069906,72.86639404296875,621200,0.0,0.0
2016-10-17 00:00:00-04:00,72.82131893200611,73.45212276992216,72.76725258524834,73.22683715820312,595900,0.0,0.0
2016-10-18 00:00:00-04:00,74.31723412448542,74.53350643159264,73.56027073685112,73.58731079101562,503400,0.0,0.0
2016-10-19 00:00:00-04:00,73.71345749599746,74.47942722773627,73.00155411291718,74.42535400390625,552900,0.0,0.0
2016-10-20 00:00:00-04:00,73.84862117434258,75.19132837763702,73.78554147772394,74.8128433227539,436700,0.0,0.0
2016-10-21 00:00:00-04:00,74.69568873610704,74.69568873610704,73.47914794035742,74.07389831542969,594400,0.0,0.0
2016-10-24 00:00:00-04:00,74.83085168005985,75.23636293390298,74.0738886310045,75.11921691894531,607800,0.0,0.0
2016-10-25 00:00:00-04:00,74.9660285687664,74.9660285687664,73.89366705414575,73.98377990722656,424600,0.0,0.0
2016-10-26 00:00:00-04:00,73.2538638852386,73.89367414119677,72.70416649100385,73.0736312866211,697200,0.0,0.0
2016-10-27 00:00:00-04:00,73.67740384339649,74.26314777282066,73.23583912150256,73.93873596191406,634700,0.0,0.0
2016-10-28 00:00:00-04:00,74.1189573560022,75.73200296725054,74.1009375343037,74.71371459960938,647900,0.0,0.0
2016-10-31 00:00:00-04:00,74.75878860424584,75.84917031550061,74.56053613398636,75.29046630859375,1104600,0.0,0.0
2016-11-01 00:00:00-04:00,75.30846033500056,75.93025071048758,74.09191962766637,74.70469665527344,1071200,0.0,0.0
2016-11-02 00:00:00-04:00,74.35324879963939,74.7317268937185,73.71343862864764,74.11894989013672,626800,0.0,0.0
2016-11-03 00:00:00-04:00,74.43437942496664,76.12853195950812,74.164040762661,75.51575469970703,1009200,0.0,0.0
2016-11-04 00:00:00-04:00,75.3355191853513,76.06544935872104,74.52448947892512,75.22738647460938,845400,0.0,0.0
2016-11-07 00:00:00-05:00,76.61513075284017,78.29125631846108,76.31775895907248,77.75057220458984,1412300,0.0,0.0
2016-11-08 00:00:00-05:00,77.48923378018662,78.29124997372055,74.50645460817101,74.56953430175781,1818200,0.0,0.0
2016-11-09 00:00:00-05:00,73.81258644312364,74.08292507156608,71.37949753611103,72.46987915039062,2626400,0.0,0.0
2016-11-10 00:00:00-05:00,72.74922420630409,73.89367195417796,72.18150013142511,73.46112060546875,1302200,0.0,0.0
2016-11-11 00:00:00-05:00,72.99252503362464,73.425076355195,72.2175421190565,72.47887420654297,1115400,0.0,0.0
2016-11-14 00:00:00-05:00,72.74022600285369,72.99254481081418,68.7751975022936,69.46006774902344,1933600,0.0,0.0
2016-11-15 00:00:00-05:00,69.61326510459612,72.23559334259956,69.61326510459612,72.19954681396484,1270800,0.0,0.0
2016-11-16 00:00:00-05:00,72.3527329508608,73.73147989109407,71.9472146962693,73.48817443847656,1076200,0.0,0.0
2016-11-17 00:00:00-05:00,73.83061028909052,74.99308501766502,73.69543752992192,74.7677993774414,899900,0.0,0.0
2016-11-18 00:00:00-05:00,74.74974717121867,75.0471257648884,74.05587066115908,74.30818939208984,529800,0.0,0.0
2016-11-21 00:00:00-05:00,74.62360206792962,75.60585088697587,74.41634316012619,75.560791015625,743300,0.0,0.0
2016-11-22 00:00:00-05:00,75.70499167378509,76.2366625071597,75.26342685011159,75.96632385253906,653900,0.0,0.0
2016-11-23 00:00:00-05:00,75.60584865852668,75.86718077928275,74.83086564529724,75.58782196044922,536100,0.0,0.0
2016-11-25 00:00:00-05:00,75.6328813060432,76.146532194955,75.43462887959114,75.69596099853516,200200,0.0,0.0
2016-11-28 00:00:00-05:00,75.78607913252584,76.39885627727277,75.61486674109732,75.65991973876953,547000,0.0,0.0
2016-11-29 00:00:00-05:00,75.31749779895007,78.5525963315377,74.88494633942257,77.45320129394531,1158600,0.0,0.0
2016-11-30 00:00:00-05:00,78.04793716554532,79.95836136586847,78.04793716554532,79.1022720336914,1720700,0.0,0.0
2016-12-01 00:00:00-05:00,79.56186926237184,79.56186926237184,76.95756808190707,77.18285369873047,1159000,0.0,0.0
2016-12-02 00:00:00-05:00,77.20986837800632,77.4802138035049,76.02937422868004,76.47093200683594,677900,0.0,0.0
2016-12-05 00:00:00-05:00,77.10174851787575,77.90376477640525,76.96658264578657,77.75057220458984,1173800,0.0,0.0
2016-12-06 00:00:00-05:00,77.26395678854337,78.06597307145587,77.13779738731029,77.78662109375,1332600,0.0,0.0
2016-12-07 00:00:00-05:00,77.71453928459209,80.08454882595211,77.71453928459209,80.02146911621094,805200,0.0,0.0
2016-12-08 00:00:00-05:00,81.10283974698336,83.12139738897098,80.48104910886782,82.72489929199219,1564400,0.0,0.0
2016-12-09 00:00:00-05:00,82.61673074513702,82.61673074513702,81.219957355576,81.72460174560547,869400,0.0,0.0
2016-12-12 00:00:00-05:00,81.91382692072314,82.54462370731088,81.69755471891725,82.29230499267578,710700,0.0,0.0
2016-12-13 00:00:00-05:00,82.70373879689889,82.94785961843824,81.63682685071832,82.38728332519531,974000,0.305,0.0
2016-12-14 00:00:00-05:00,82.41439381553116,83.00210068155103,81.26610384837974,81.32035827636719,1428600,0.0,0.0
2016-12-15 00:00:00-05:00,81.68200668861547,82.08888380185942,80.75976431537363,81.21184539794922,811200,0.0,0.0
2016-12-16 00:00:00-05:00,81.4198108786936,81.83572467317298,79.63861019702063,80.67839813232422,1634600,0.0,0.0
2016-12-19 00:00:00-05:00,80.88634988193706,81.06718646152876,79.9098530467724,80.4704360961914,811200,0.0,0.0
2016-12-20 00:00:00-05:00,80.56083507667086,81.2027892868654,80.17204512985346,80.77783203125,460200,0.0,0.0
2016-12-21 00:00:00-05:00,80.777857455483,81.36556433656135,80.54278022162045,80.7236099243164,396100,0.0,0.0
2016-12-22 00:00:00-05:00,80.47043777815321,80.94964265221958,79.75614879480909,79.9460220336914,379100,0.0,0.0
2016-12-23 00:00:00-05:00,80.00027401701382,80.33480961417638,79.31310881758813,80.30768585205078,226900,0.0,0.0
2016-12-27 00:00:00-05:00,80.37097498462437,80.88634714716818,80.10876712673928,80.47947692871094,228700,0.0,0.0
2016-12-28 00:00:00-05:00,80.51564559964639,80.841144539179,78.21002926099209,78.28236389160156,604200,0.0,0.0
2016-12-29 00:00:00-05:00,78.41799859339275,78.78870154591557,78.03824518824317,78.72541046142578,355200,0.0,0.0
2016-12-30 00:00:00-05:00,78.96951578707353,79.33118201259688,77.39627563898789,77.83027648925781,470100,0.0,0.0
2017-01-03 00:00:00-05:00,78.7977333916445,79.67477178797589,78.6440274804674,79.61148071289062,975600,0.0,0.0
2017-01-04 00:00:00-05:00,80.217270063012,82.41438444591847,80.19014630120735,82.00750732421875,1147600,0.0,0.0
2017-01-05 00:00:00-05:00,81.9532897741652,82.63141166013736,81.13050547292283,81.72724914550781,913200,0.0,0.0
2017-01-06 00:00:00-05:00,81.93517037708789,82.27874948498855,81.2480052630773,82.1069564819336,550900,0.0,0.0
2017-01-09 00:00:00-05:00,82.03464958674435,82.26069016469964,81.70915060263187,81.80860900878906,936100,0.0,0.0
2017-01-10 00:00:00-05:00,82.15219546031395,82.43248359430845,80.55182416403382,81.26611328125,825000,0.0,0.0
2017-01-11 00:00:00-05:00,81.88997152066229,85.1087867980077,81.4469339668975,84.35833740234375,1807500,0.0,0.0
2017-01-12 00:00:00-05:00,84.56628859762102,85.27153400269647,83.36375122834617,84.76520538330078,1042200,0.0,0.0
2017-01-13 00:00:00-05:00,85.144932077457,85.84114066567867,84.39447597781334,84.99122619628906,603400,0.0,0.0
2017-01-17 00:00:00-05:00,86.02201314741455,86.60972010730211,84.9098972201031,85.30772399902344,844600,0.0,0.0
2017-01-18 00:00:00-05:00,85.75074729523506,85.90446012542355,83.45418117523248,83.72542572021484,1104800,0.0,0.0
2017-01-19 00:00:00-05:00,83.86104228758839,85.36195481918631,83.67116905736395,84.13229370117188,609600,0.0,0.0
2017-01-20 00:00:00-05:00,84.59341972145937,85.03646420019707,83.94242178374824,84.41259002685547,701600,0.0,0.0
2017-01-23 00:00:00-05:00,84.43066957268708,84.90988136621702,83.95146467736777,84.72000122070312,349400,0.0,0.0
2017-01-24 00:00:00-05:00,84.93700601533756,86.65490881308824,84.72904565762305,86.39270782470703,921900,0.0,0.0
2017-01-25 00:00:00-05:00,86.63680072543781,86.67296803245529,84.31310471068036,84.99122619628906,1083700,0.0,0.0
2017-01-26 00:00:00-05:00,85.07261497982859,86.70010963967313,85.02741101040561,86.32940673828125,795800,0.0,0.0
2017-01-27 00:00:00-05:00,86.20281186033695,86.68202357093192,85.6784030815847,86.275146484375,452800,0.0,0.0
2017-01-30 00:00:00-05:00,85.70553146278525,85.75977898463441,84.54820500860453,85.5066146850586,677400,0.0,0.0
2017-01-31 00:00:00-05:00,85.54276638527992,85.60605744862163,83.65306424000563,83.76156616210938,1453700,0.0,0.0
2017-02-01 00:00:00-05:00,84.25886979084072,84.66573998372492,82.87550285718304,84.4577865600586,855100,0.0,0.0
2017-02-02 00:00:00-05:00,84.44875196882408,84.44875196882408,82.73084238661838,84.0057144165039,588900,0.0,0.0
2017-02-03 00:00:00-05:00,84.43067057947428,85.39812393577147,84.08709139904907,85.2353744506836,446800,0.0,0.0
2017-02-06 00:00:00-05:00,85.0274003435463,85.4161903025008,84.78327272609098,85.2534408569336,478100,0.0,0.0
2017-02-07 00:00:00-05:00,84.99124954515491,85.39811978901247,83.41800919783924,83.90625762939453,756200,0.0,0.0
2017-02-08 00:00:00-05:00,84.00573478895667,85.34389132405472,83.36377339241623,85.30772399902344,661600,0.0,0.0
2017-02-09 00:00:00-05:00,85.30771596263457,85.75979713561962,84.67480507974003,84.9098892211914,498300,0.0,0.0
2017-02-10 00:00:00-05:00,85.39812291744795,85.39812291744795,84.33121117197433,84.72000122070312,637800,0.0,0.0
2017-02-13 00:00:00-05:00,85.28962607195203,86.266122950354,84.67479547053713,85.66937255859375,660400,0.0,0.0
2017-02-14 00:00:00-05:00,85.3257899892875,85.3257899892875,81.69105405281469,82.45055389404297,1654700,0.0,0.0
2017-02-15 00:00:00-05:00,82.55905486572273,84.09613486736248,82.29684697900399,83.8700942993164,1510500,0.0,0.0
2017-02-16 00:00:00-05:00,83.97856975902451,84.9821901987908,83.24620069689577,83.55361938476562,593700,0.0,0.0
2017-02-17 00:00:00-05:00,83.58075628245528,83.90625522750778,82.79413268221002,83.11058807373047,1016700,0.0,0.0
2017-02-21 00:00:00-05:00,83.64404495093626,84.83753874900697,83.55363011285104,84.79232788085938,790200,0.0,0.0
2017-02-22 00:00:00-05:00,84.45781100996301,84.6748080491063,83.52651796645789,83.58077239990234,652200,0.0,0.0
2017-02-23 00:00:00-05:00,84.1955736204182,84.30406865290595,82.9749493192582,83.55361938476562,738600,0.0,0.0
2017-02-24 00:00:00-05:00,83.1196338539995,84.21366932154186,82.29684291579397,84.02379608154297,700000,0.0,0.0
2017-02-27 00:00:00-05:00,84.07806670285132,84.44877662911401,83.38186463161831,83.59886169433594,930600,0.0,0.0
2017-02-28 00:00:00-05:00,86.61873672175354,92.73086788851113,86.56448230197562,91.78150177001953,4246500,0.0,0.0
2017-03-01 00:00:00-05:00,93.03828604567424,94.3312381881957,92.2245387360087,92.8212890625,2591800,0.0,0.0
2017-03-02 00:00:00-05:00,92.9569199447637,94.73812070454021,92.36017643893909,93.1829605102539,2040100,0.0,0.0
2017-03-03 00:00:00-05:00,93.49038980591521,95.1178779219912,93.20105812539872,94.72908782958984,1153200,0.0,0.0
2017-03-06 00:00:00-05:00,92.15222732758063,92.83034910679338,89.17753229498199,92.32402038574219,2329000,0.0,0.0
2017-03-07 00:00:00-05:00,92.32400193218987,94.77428064353602,91.83575352096152,93.8429946899414,1396700,0.0,0.0
2017-03-08 00:00:00-05:00,93.66217523451652,93.93342670085481,92.44155743241694,92.89363861083984,1285100,0.0,0.0
2017-03-09 00:00:00-05:00,93.09254957236713,93.46325942647712,92.25167835750958,92.6766357421875,1457100,0.0,0.0
2017-03-10 00:00:00-05:00,92.8574497781838,94.0419068820539,92.55003795921017,93.17391204833984,1422600,0.0,0.0
2017-03-13 00:00:00-04:00,93.03787654654221,94.82462568961765,92.64787542942575,94.7792739868164,1336600,0.32,0.0
2017-03-14 00:00:00-04:00,94.33484944870332,94.67949883776068,93.47321559651324,94.28042602539062,752600,0.0,0.0
2017-03-15 00:00:00-04:00,94.7792785806455,95.69532904798363,94.19881273908634,95.43230438232422,781700,0.0,0.0
2017-03-16 00:00:00-04:00,95.32345756238533,95.89485855746393,94.0627577550155,94.33485412597656,1017400,0.0,0.0
2017-03-17 00:00:00-04:00,94.77018832684281,96.62042542995306,94.68856357744104,96.33019256591797,1436900,0.0,0.0
2017-03-20 00:00:00-04:00,96.17599304833794,96.31204119607101,95.3415745577963,96.20320129394531,1032400,0.0,0.0
2017-03-21 00:00:00-04:00,96.2032293194667,97.5546256293201,94.38927194044804,94.55252838134766,1249500,0.0,0.0
2017-03-22 00:00:00-04:00,94.86997507094561,95.65904906792385,93.69090685764674,95.43230438232422,984800,0.0,0.0
2017-03-23 00:00:00-04:00,95.3960055519899,96.49344878307322,95.09670096541338,95.3687973022461,690000,0.0,0.0
2017-03-24 00:00:00-04:00,95.72251985418099,96.30298558992908,94.35298026529217,94.7339096069336,527400,0.0,0.0
2017-03-27 00:00:00-04:00,93.98111428936615,95.18739043062537,93.10134404069441,94.86994934082031,841100,0.0,0.0
2017-03-28 00:00:00-04:00,94.8518195800718,95.64995822274463,94.44367507576057,95.12390899658203,805000,0.0,0.0
2017-03-29 00:00:00-04:00,95.23276299058027,96.09438998309192,95.14206650500509,95.26904296875,916300,0.0,0.0
2017-03-30 00:00:00-04:00,95.30532470252966,96.22136821932109,95.08764482950141,95.3597412109375,671400,0.0,0.0
2017-03-31 00:00:00-04:00,95.19649418936898,96.58417064872046,94.67044482369221,95.81324005126953,936800,0.0,0.0
2017-04-03 00:00:00-04:00,95.89485317932731,96.41183071940081,94.17159240584975,95.25996398925781,991500,0.0,0.0
2017-04-04 00:00:00-04:00,95.20554360483169,96.06717049659636,95.06042370912111,95.68624114990234,884000,0.0,0.0
2017-04-05 00:00:00-04:00,95.85859353915781,96.77463716363633,95.15115116789748,95.4232406616211,1168300,0.0,0.0
2017-04-06 00:00:00-04:00,95.53207927375406,96.29393814915542,95.14207811047982,96.16696166992188,705100,0.0,0.0
2017-04-07 00:00:00-04:00,96.15786491625546,96.41182472832074,95.69531082788416,96.08531188964844,1211600,0.0,0.0
2017-04-10 00:00:00-04:00,96.10346439317395,96.33020907329744,94.85183624998376,95.10578918457031,984200,0.0,0.0
2017-04-11 00:00:00-04:00,94.83368044189636,95.8676354949394,94.62507923839864,95.7860107421875,645700,0.0,0.0
2017-04-12 00:00:00-04:00,96.13974893196173,96.21230889377017,94.14439842012129,94.43463134765625,689600,0.0,0.0
2017-04-13 00:00:00-04:00,94.32576659693304,95.0604169878561,93.79971739172285,93.98111724853516,499300,0.0,0.0
2017-04-17 00:00:00-04:00,94.09903988701232,94.89717864990234,93.83601523431375,94.89717864990234,721100,0.0,0.0
2017-04-18 00:00:00-04:00,94.28043607560042,95.96741706447088,94.28043607560042,95.93113708496094,890800,0.0,0.0
2017-04-19 00:00:00-04:00,96.18510818025199,96.98324706363347,95.5683622959165,95.99463653564453,948500,0.0,0.0
2017-04-20 00:00:00-04:00,96.26672845114597,96.36649667186452,95.58649435699162,95.70439910888672,888800,0.0,0.0
2017-04-21 00:00:00-04:00,95.7769451406824,96.15787451726871,95.13299112225371,95.32345581054688,1106600,0.0,0.0
2017-04-24 00:00:00-04:00,96.15788249684822,96.99230819251218,96.03090602744908,96.89253997802734,934000,0.0,0.0
2017-04-25 00:00:00-04:00,97.44579347903111,98.37090870586442,97.38230524699057,98.03532409667969,706500,0.0,0.0
2017-04-26 00:00:00-04:00,98.05344092292012,98.46157845812363,97.26436717920402,98.22576904296875,671200,0.0,0.0
2017-04-27 00:00:00-04:00,98.20764747015808,99.0692813425942,97.75415814351739,98.11695098876953,759300,0.0,0.0
2017-04-28 00:00:00-04:00,98.17136416889181,98.90602155856371,98.13508419362549,98.77904510498047,1206100,0.0,0.0
2017-05-01 00:00:00-04:00,98.94228964534402,99.88554819580553,97.04670774083297,99.21438598632812,854800,0.0,0.0
2017-05-02 00:00:00-04:00,99.16902309020362,99.16902309020362,97.95367525570755,98.29832458496094,831000,0.0,0.0
2017-05-03 00:00:00-04:00,98.27114332501326,98.5250962604873,97.21905160380669,97.63626098632812,968600,0.0,0.0
2017-05-04 00:00:00-04:00,101.57252177863096,102.2436908607319,98.35275220786389,98.5976333618164,1977000,0.0,0.0
2017-05-05 00:00:00-04:00,99.18719583188165,100.58394392567445,98.72463473569799,99.7767333984375,1116500,0.0,0.0
2017-05-08 00:00:00-04:00,99.78577772597171,100.04880233767955,98.60670975452311,99.36856842041016,864000,0.0,0.0
2017-05-09 00:00:00-04:00,99.31417313010054,99.69510254439241,98.58858736218379,99.15998840332031,709800,0.0,0.0
2017-05-10 00:00:00-04:00,99.31419315788831,100.31186860019191,99.00582364214178,100.28466033935547,819200,0.0,0.0
2017-05-11 00:00:00-04:00,100.28462754840125,100.62021213495525,99.84020995408756,100.43881225585938,549000,0.0,0.0
2017-05-12 00:00:00-04:00,100.1667128468717,100.4388022588869,99.8492648199749,100.11228942871094,601900,0.0,0.0
2017-05-15 00:00:00-04:00,100.75624003082713,102.32531590832704,100.42066240848038,101.62694549560547,654200,0.0,0.0
2017-05-16 00:00:00-04:00,101.98975885241727,102.37975999622815,101.30952478202845,101.91720581054688,759900,0.0,0.0
2017-05-17 00:00:00-04:00,101.91720378984168,101.91720378984168,100.21207932526718,100.25743103027344,981300,0.0,0.0
2017-05-18 00:00:00-04:00,99.74953314609698,100.37534382322549,98.74278610759119,99.76766967773438,921000,0.0,0.0
2017-05-19 00:00:00-04:00,100.17578894951123,101.40021566062927,99.91277123080519,100.0578842163086,897000,0.0,0.0
2017-05-22 00:00:00-04:00,100.59302109260435,100.72906237557807,99.53185064751601,100.29371643066406,797800,0.0,0.0
2017-05-23 00:00:00-04:00,100.59298673505084,101.58158995873052,100.30274697797424,101.31856536865234,592100,0.0,0.0
2017-05-24 00:00:00-04:00,101.31856920189294,102.08043475364977,101.17345623756118,101.62694549560547,548600,0.0,0.0
2017-05-25 00:00:00-04:00,102.06231322797892,103.12347665897887,101.81743202070909,102.11672973632812,635900,0.0,0.0
2017-05-26 00:00:00-04:00,102.03510515193014,102.54301101660513,101.76300877031228,102.36161804199219,601000,0.0,0.0
2017-05-30 00:00:00-04:00,102.29811440522487,102.3888108788746,101.0736947117101,101.99880981445312,772000,0.0,0.0
2017-05-31 00:00:00-04:00,101.83556430721745,103.15068753501455,101.48184317828881,103.03277587890625,1136200,0.0,0.0
2017-06-01 00:00:00-04:00,103.10531921657126,103.65857667156564,102.38880534994416,102.8150863647461,813600,0.0,0.0
2017-06-02 00:00:00-04:00,102.85140031361783,103.7583791401582,102.54302391435047,103.47721099853516,605100,0.0,0.0
2017-06-05 00:00:00-04:00,103.21419067487638,103.8400013443125,102.63372479382596,103.04186248779297,689500,0.0,0.0
2017-06-06 00:00:00-04:00,102.94206348986027,103.35927278465377,102.14392487195495,102.1983413696289,754600,0.0,0.0
2017-06-07 00:00:00-04:00,102.19835001715178,102.64276759838668,101.9262536663644,102.30718994140625,1068500,0.0,0.0
2017-06-08 00:00:00-04:00,102.30719669224509,104.08487405418413,101.91719558755399,103.64044952392578,1440700,0.0,0.0
2017-06-09 00:00:00-04:00,104.0757915215743,105.78998047541268,103.47718234038763,104.66532897949219,1131500,0.0,0.0
2017-06-12 00:00:00-04:00,104.50210077219684,104.66535723662331,100.64744078628777,100.84697723388672,1804700,0.0,0.0
2017-06-13 00:00:00-04:00,102.17497492674904,102.70254255409237,100.94702105871716,102.47514343261719,1111600,0.32,0.0
2017-06-14 00:00:00-04:00,102.42964946756065,102.47513206267743,98.74578133253137,99.39159393310547,1710400,0.0,0.0
2017-06-15 00:00:00-04:00,98.2000020851864,98.23638676489652,94.2614489873327,96.46267700195312,2579100,0.0,0.0
2017-06-16 00:00:00-04:00,96.59913874252341,98.34556917406731,96.28078137780736,98.31827545166016,1704100,0.0,0.0
2017-06-19 00:00:00-04:00,98.69122031575395,99.35522881465141,97.23586730271843,98.53659057617188,1114700,0.0,0.0
2017-06-20 00:00:00-04:00,98.09995696338902,99.27333699200655,97.32680151684319,97.9999008178711,804900,0.0,0.0
2017-06-21 00:00:00-04:00,97.84528262429313,97.89076521930289,96.29897154933646,96.59004211425781,1274100,0.0,0.0
2017-06-22 00:00:00-04:00,96.84473606647894,97.05393936576102,95.6076843274945,95.68954467773438,1180000,0.0,0.0
2017-06-23 00:00:00-04:00,95.78959883218386,96.33536224767198,94.98005855612527,95.37118530273438,3099700,0.0,0.0
2017-06-26 00:00:00-04:00,95.6076698898521,96.92658177990853,94.82541649833736,95.52580261230469,1826300,0.0,0.0
2017-06-27 00:00:00-04:00,95.862354896758,96.13523656659642,94.87089824637205,95.02552795410156,1313000,0.0,0.0
2017-06-28 00:00:00-04:00,95.62585771953505,97.62697376842351,95.17105956383347,97.25403594970703,1201500,0.0,0.0
2017-06-29 00:00:00-04:00,97.49053971012076,97.56330908561164,94.3888127416009,95.20745086669922,985700,0.0,0.0
2017-06-30 00:00:00-04:00,95.7077392291051,96.8993083535501,95.616780972372,95.99880981445312,807200,0.0,0.0
2017-07-03 00:00:00-04:00,96.72646879169916,96.89929431221763,95.8168724768342,96.44449615478516,555400,0.0,0.0
2017-07-05 00:00:00-04:00,96.4172188419353,98.83674860806688,96.4172188419353,98.25460052490234,1356400,0.0,0.0
2017-07-06 00:00:00-04:00,98.10906533759285,99.21877402289411,97.59969358945571,98.28189086914062,1173700,0.0,0.0
2017-07-07 00:00:00-04:00,98.52749193920286,100.46492997288013,98.37286220076464,100.04651641845703,1567300,0.0,0.0
2017-07-10 00:00:00-04:00,100.24661085324686,101.78383087404403,100.05559645640857,101.27445220947266,1443600,0.0,0.0
2017-07-11 00:00:00-04:00,101.5837225279009,102.85715882943116,100.82875587789096,102.73890686035156,1321700,0.0,0.0
2017-07-12 00:00:00-04:00,103.23919758855097,106.54103022019426,103.13004351572673,106.0043716430664,2115100,0.0,0.0
2017-07-13 00:00:00-04:00,106.05892463734553,108.241957092695,106.05892463734553,107.04129028320312,2336800,0.0,0.0
2017-07-14 00:00:00-04:00,107.66894127461272,108.23288666883495,106.43188946713012,106.9412612915039,1723100,0.0,0.0
2017-07-17 00:00:00-04:00,107.0231129210323,107.12316213788674,105.93159310613424,106.2954330444336,863700,0.0,0.0
2017-07-18 00:00:00-04:00,106.25906347072365,107.49611527309557,105.66782435434918,107.08679962158203,688900,0.0,0.0
2017-07-19 00:00:00-04:00,107.30509025184185,108.77863200363122,106.11352116817615,108.38751220703125,1215400,0.0,0.0
2017-07-20 00:00:00-04:00,108.2419755802442,108.38751434063741,107.0049238755821,107.25051879882812,928700,0.0,0.0
2017-07-21 00:00:00-04:00,107.32325191510763,108.13279196450924,106.95941205320769,107.64160919189453,1017200,0.0,0.0
2017-07-24 00:00:00-04:00,107.81448708303571,108.59674073739369,107.1868631897395,107.87815856933594,1596600,0.0,0.0
2017-07-25 00:00:00-04:00,108.69675796979504,108.69675796979504,107.69620342662614,108.06004333496094,1128000,0.0,0.0
2017-07-26 00:00:00-04:00,108.38752879414699,108.49667593932664,106.42279690486131,106.6047134399414,870700,0.0,0.0
2017-07-27 00:00:00-04:00,107.15956093894859,107.6143591868038,104.78551352997079,105.84974670410156,955900,0.0,0.0
2017-07-28 00:00:00-04:00,105.84064411195675,106.40459641262034,105.42223057520772,105.96798706054688,1388000,0.0,0.0
2017-07-31 00:00:00-04:00,106.24084934084149,106.43186372878878,105.26758158910872,105.33125305175781,925200,0.0,0.0
2017-08-01 00:00:00-04:00,105.56776934316234,107.0413181962038,104.8764809881094,106.81391906738281,916200,0.0,0.0
2017-08-02 00:00:00-04:00,106.87758813403974,109.11519467838343,106.46827248726694,108.65129852294922,1527100,0.0,0.0
2017-08-03 00:00:00-04:00,108.96054172984604,109.1151714354959,107.7689727962269,108.06004333496094,1321400,0.0,0.0
2017-08-04 00:00:00-04:00,108.21469171511137,109.14247704878649,108.01457938401059,108.78773498535156,1077200,0.0,0.0
2017-08-07 00:00:00-04:00,109.71553367410202,112.3169802511862,109.15158133890293,111.95314025878906,3815400,0.0,0.0
2017-08-08 00:00:00-04:00,108.36022502306788,108.3966097146452,103.40292703513721,104.97653198242188,5311600,0.0,0.0
2017-08-09 00:00:00-04:00,104.29433396698371,105.24940609105646,101.17441781567214,102.92993927001953,2603600,0.0,0.0
2017-08-10 00:00:00-04:00,102.32960078633307,102.33869869395507,100.28300877060641,100.91972351074219,2603500,0.0,0.0
2017-08-11 00:00:00-04:00,100.05558309684488,100.31026892528992,98.78214701495138,99.47344207763672,2137700,0.0,0.0
2017-08-14 00:00:00-04:00,100.18293845028606,101.4018011316153,100.10107811226526,100.81056213378906,1620100,0.0,0.0
2017-08-15 00:00:00-04:00,100.96519037515168,102.2659133755895,100.06469197166984,101.76563262939453,1179300,0.0,0.0
2017-08-16 00:00:00-04:00,101.87479478596595,103.54844879783681,101.20169540638047,103.16641998291016,1289000,0.0,0.0
2017-08-17 00:00:00-04:00,103.63940109436646,103.63940109436646,101.87478211208806,101.97483825683594,1046000,0.0,0.0
2017-08-18 00:00:00-04:00,101.91119458537104,103.07547701664585,101.47458520380765,102.41146850585938,872700,0.0,0.0
2017-08-21 00:00:00-04:00,102.4660188602417,103.32103461551442,102.08399010109845,103.22098541259766,686000,0.0,0.0
2017-08-22 00:00:00-04:00,103.59394292617667,105.68601761360078,103.4847888499011,105.3494644165039,974200,0.0,0.0
2017-08-23 00:00:00-04:00,105.12205587697883,105.88612046310851,104.70364236491702,104.95832824707031,609300,0.0,0.0
2017-08-24 00:00:00-04:00,105.17664359439382,105.758784814705,104.3489143660051,104.47625732421875,948100,0.0,0.0
2017-08-25 00:00:00-04:00,104.72182546022837,105.0219939217736,103.93048107573387,104.55809783935547,605600,0.0,0.0
2017-08-28 00:00:00-04:00,105.44948804269629,105.51315949929017,104.11238051455663,104.99468994140625,594800,0.0,0.0
2017-08-29 00:00:00-04:00,104.42168556062536,104.42168556062536,103.21192049698827,104.11241912841797,627300,0.0,0.0
2017-08-30 00:00:00-04:00,104.19427152518645,105.09477002783903,103.56664778168957,104.75821685791016,717600,0.0,0.0
2017-08-31 00:00:00-04:00,105.71329487661484,106.5592198074681,105.47679786915323,105.74967956542969,909200,0.0,0.0
2017-09-01 00:00:00-04:00,106.4773673829299,108.11464390975092,106.08624059817103,107.90543365478516,909300,0.0,0.0
2017-09-05 00:00:00-04:00,108.24194996524365,109.17883295963789,105.65870003660976,106.12258911132812,1177800,0.0,0.0
2017-09-06 00:00:00-04:00,106.37730787743065,108.83322259073198,105.71330631878162,107.93272399902344,1263000,0.0,0.0
2017-09-07 00:00:00-04:00,108.01456727266807,108.90597475498339,107.2323138513514,107.41423034667969,891800,0.0,0.0
2017-09-08 00:00:00-04:00,107.4051501368425,108.24197720263615,107.1413663344286,107.58706665039062,688600,0.0,0.0
2017-09-11 00:00:00-04:00,109.2607278125387,113.08103011758872,108.71496439209999,112.65351867675781,1724200,0.0,0.0
2017-09-12 00:00:00-04:00,113.24475026158711,114.90021540951108,113.03554003897449,113.3720932006836,1402000,0.0,0.0
2017-09-13 00:00:00-04:00,113.39027686974323,114.74557339906225,113.19016457554802,114.24529266357422,1284400,0.0,0.0
2017-09-14 00:00:00-04:00,114.2452950817108,115.08425950787552,113.76197877005926,114.9018783569336,1220500,0.32,0.0
2017-09-15 00:00:00-04:00,115.17546375176357,116.57069981421192,114.26354402912854,116.07826232910156,1617800,0.0,0.0
2017-09-18 00:00:00-04:00,117.18168704879167,120.06335677802386,116.8716376755276,119.47972869873047,1694500,0.0,0.0
2017-09-19 00:00:00-04:00,119.9174366321103,123.3462495827611,119.66210023763576,122.78997802734375,1990900,0.0,0.0
2017-09-20 00:00:00-04:00,123.3736155299466,124.8874056382382,122.27020043658041,124.09403991699219,2917300,0.0,0.0
2017-09-21 00:00:00-04:00,124.47704911940984,124.47704911940984,122.27020493666488,123.00885772705078,2017900,0.0,0.0
2017-09-22 00:00:00-04:00,122.56202744256407,122.99975900767406,121.522439326316,122.46171569824219,1324200,0.0,0.0
2017-09-25 00:00:00-04:00,120.62872222137554,120.96612801685745,116.0964807470437,117.53731536865234,2642500,0.0,0.0
2017-09-26 00:00:00-04:00,117.63766459013895,118.46751502098408,116.1877153196248,117.10874938964844,1422100,0.0,0.0
2017-09-27 00:00:00-04:00,117.78355093630219,119.5709057430413,117.53732872294876,118.56780242919922,1235600,0.0,0.0
2017-09-28 00:00:00-04:00,119.0693777395722,120.87497508950325,118.73195794365141,120.66523742675781,1299900,0.0,0.0
2017-09-29 00:00:00-04:00,121.1029537036351,125.37073174071539,120.82937497733178,124.30378723144531,2103600,0.0,0.0
2017-10-02 00:00:00-04:00,124.24906570348581,124.82357959763691,122.05133577057522,124.58647155761719,1180300,0.0,0.0
2017-10-03 00:00:00-04:00,125.13367406543074,125.68994586893172,124.31295156213899,125.31605529785156,889400,0.0,0.0
2017-10-04 00:00:00-04:00,125.75376454831641,126.38299158526247,125.015111562265,126.04558563232422,1113100,0.0,0.0
2017-10-05 00:00:00-04:00,126.4650426273488,127.75998110553057,126.05468146317804,127.35873413085938,820000,0.0,0.0
2017-10-06 00:00:00-04:00,123.73836005914416,125.13359579085873,122.68964427783237,125.10623931884766,1988400,0.0,0.0
2017-10-09 00:00:00-04:00,125.43457915909066,125.93613786358227,123.31891841097796,124.52265930175781,893400,0.0,0.0
2017-10-10 00:00:00-04:00,125.15187649747499,125.98171292787465,123.86606625907413,125.63519287109375,832400,0.0,0.0
2017-10-11 00:00:00-04:00,125.84497061222922,126.04559414233096,124.35853643414713,125.31605529785156,1205400,0.0,0.0
2017-10-12 00:00:00-04:00,124.93304809141226,126.14590343973943,124.89657741155997,125.20662689208984,932000,0.0,0.0
2017-10-13 00:00:00-04:00,126.52888905551457,127.19458670179054,125.41634563856367,126.70215606689453,906400,0.0,0.0
2017-10-16 00:00:00-04:00,127.52284576892819,128.86336882282552,126.40118844936987,127.81466674804688,1332600,0.0,0.0
2017-10-17 00:00:00-04:00,128.2797434966336,128.3070999746567,126.65652753157552,127.13072967529297,1049200,0.0,0.0
2017-10-18 00:00:00-04:00,127.72349651794602,127.92412000528161,127.03044241656416,127.35873413085938,719900,0.0,0.0
2017-10-19 00:00:00-04:00,126.04554760895093,127.23104605421918,125.06978680779605,127.20368957519531,798300,0.0,0.0
2017-10-20 00:00:00-04:00,128.307095415447,128.84512468383673,127.72346738037565,128.3800506591797,925000,0.0,0.0
2017-10-23 00:00:00-04:00,128.58068229357016,128.94544462068524,125.635185453483,126.32823944091797,1535500,0.0,0.0
2017-10-24 00:00:00-04:00,126.6656571376299,127.19457230177544,125.71726664954315,126.50151824951172,1332800,0.0,0.0
2017-10-25 00:00:00-04:00,127.21280269470239,128.07000946969274,124.82357744807976,126.32823944091797,1778700,0.0,0.0
2017-10-26 00:00:00-04:00,127.12162667683619,127.44991839273489,125.48018201213591,126.7933349609375,1375900,0.0,0.0
2017-10-27 00:00:00-04:00,127.34048397249069,127.64141918490824,125.72638198399369,126.8298110961914,1204800,0.0,0.0
2017-10-30 00:00:00-04:00,126.82981260668839,127.82380188952271,126.32825391335241,127.22193145751953,834800,0.0,0.0
2017-10-31 00:00:00-04:00,126.7750916620671,128.48037719726562,126.7750916620671,128.48037719726562,1576300,0.0,0.0
2017-11-01 00:00:00-04:00,129.49264382290283,129.87564856443458,128.44394135786087,129.7935791015625,906700,0.0,0.0
2017-11-02 00:00:00-04:00,129.9485490943807,131.03373569564044,123.66542331230363,124.85092163085938,2364000,0.0,0.0
2017-11-03 00:00:00-04:00,124.52269188914876,127.98799103683538,123.33719298141433,127.70528411865234,1395300,0.0,0.0
2017-11-06 00:00:00-05:00,127.8876082262124,129.49258169422535,127.79641070135733,129.46522521972656,950800,0.0,0.0
2017-11-07 00:00:00-05:00,129.49261271226698,130.92433348966475,129.36494449576207,130.52308654785156,1560600,0.0,0.0
2017-11-08 00:00:00-05:00,130.8878488508543,132.2192578922473,129.94857256235886,131.84536743164062,1750000,0.0,0.0
2017-11-09 00:00:00-05:00,129.59291060513937,129.8938457793546,124.37672874832306,128.4347686767578,2589200,0.0,0.0
2017-11-10 00:00:00-05:00,128.59889174935395,130.12179564414384,128.05173448359557,128.23411560058594,1056300,0.0,0.0
2017-11-13 00:00:00-05:00,127.249288693015,131.0064079059694,127.2310603148166,130.741943359375,948500,0.0,0.0
2017-11-14 00:00:00-05:00,127.2310563502407,127.3222399827689,124.75974753169858,125.5257568359375,1715600,0.0,0.0
2017-11-15 00:00:00-05:00,124.02108330602879,124.20346446910891,119.59826704868424,122.6896743774414,1987100,0.0,0.0
2017-11-16 00:00:00-05:00,123.56511989475234,124.70501952477774,122.8173390583563,123.41009521484375,1915200,0.0,0.0
2017-11-17 00:00:00-05:00,123.94812856349603,124.3129048059352,122.78087241727239,124.21259307861328,1441700,0.0,0.0
2017-11-20 00:00:00-05:00,123.5469008775151,124.20348430127599,123.11829742270471,123.47394561767578,1009300,0.0,0.0
2017-11-21 00:00:00-05:00,124.28554861373807,125.58960121792991,124.06669675805843,124.65943908691406,958500,0.0,0.0
2017-11-22 00:00:00-05:00,125.61699665231758,125.69906612364628,123.26424107065101,123.33719635009766,715400,0.0,0.0
2017-11-24 00:00:00-05:00,123.66544339046035,125.39808542711243,123.56513165687787,124.98772430419922,415500,0.0,0.0
2017-11-27 00:00:00-05:00,124.98772241627044,125.25218694389855,124.19435666296918,124.23082733154297,773900,0.0,0.0
2017-11-28 00:00:00-05:00,124.71414098615426,125.42543728359156,123.92988943836554,124.83269500732422,690700,0.0,0.0
2017-11-29 00:00:00-05:00,125.06982398837383,125.06982398837383,119.12411553313652,120.32784271240234,1529700,0.0,0.0
2017-11-30 00:00:00-05:00,120.40077806368267,122.93591416258504,120.1545558052158,122.48908233642578,1291000,0.0,0.0
2017-12-01 00:00:00-05:00,122.9815093732047,123.47393996106956,118.55869261226644,120.51020050048828,1240100,0.0,0.0
2017-12-04 00:00:00-05:00,121.67747707238283,122.1060805790551,117.79270294072622,117.95685577392578,1595600,0.0,0.0
2017-12-05 00:00:00-05:00,117.18168715786123,118.77754671059475,115.97795337352377,116.71660614013672,1414300,0.0,0.0
2017-12-06 00:00:00-05:00,116.29713295403131,116.90811756062287,115.18458966597143,116.25154113769531,1675300,0.0,0.0
2017-12-07 00:00:00-05:00,115.8685050141702,119.04198140448497,115.81379206318377,117.71058654785156,979500,0.0,0.0
2017-12-08 00:00:00-05:00,118.48572698353989,120.23662515661175,118.44925631588018,119.09672546386719,1557300,0.0,0.0
2017-12-11 00:00:00-05:00,119.388526026952,120.51018336719149,118.70458624867102,119.58914947509766,970900,0.0,0.0
2017-12-12 00:00:00-05:00,119.46147378176958,119.57089968669962,118.65898003951054,118.87784576416016,1025700,0.0,0.0
2017-12-13 00:00:00-05:00,118.88699357300641,119.55270512236869,118.34896416855756,118.64078521728516,960800,0.0,0.0
2017-12-14 00:00:00-05:00,118.8418862723884,118.89673414188854,116.57474568085114,116.62960052490234,1015000,0.32,0.0
2017-12-15 00:00:00-05:00,118.10141830557724,120.7067898866543,117.91858741465825,118.44880676269531,2133700,0.0,0.0
2017-12-18 00:00:00-05:00,120.33195902814941,121.41067075836654,119.8748749494271,120.74333190917969,1387600,0.0,0.0
2017-12-19 00:00:00-05:00,120.7799231789777,121.57525916337703,120.30456565970519,120.68851470947266,1047100,0.0,0.0
2017-12-20 00:00:00-05:00,121.12729923155332,121.41068917148415,120.03030006606892,120.05772399902344,832300,0.0,0.0
2017-12-21 00:00:00-05:00,120.38683728012828,120.64280331290928,117.44321395404413,117.60775756835938,1102100,0.0,0.0
2017-12-22 00:00:00-05:00,117.35179964536131,118.34825385873027,117.01356178204821,118.19283294677734,781100,0.0,0.0
2017-12-26 00:00:00-05:00,118.14710108264002,118.2933573907159,117.06837537234617,117.9642562866211,326200,0.0,0.0
2017-12-27 00:00:00-05:00,117.92769878485711,118.47620528907778,117.17807415902887,117.4066162109375,667800,0.0,0.0
2017-12-28 00:00:00-05:00,117.51634154100395,117.75402028498513,116.43762263326738,117.42491912841797,998200,0.0,0.0
2017-12-29 00:00:00-05:00,117.71745166476792,118.11053732406776,116.57473435629835,116.91297912597656,714600,0.0,0.0
2018-01-02 00:00:00-05:00,117.86369670410397,120.58792792275239,117.46147442231036,120.24053955078125,1118600,0.0,0.0
2018-01-03 00:00:00-05:00,120.7067830547861,122.44371129296547,119.40866566889953,120.47824096679688,1042100,0.0,0.0
2018-01-04 00:00:00-05:00,120.8987675821159,121.54783326590848,118.94244781776824,119.04300689697266,820600,0.0,0.0
2018-01-05 00:00:00-05:00,119.79261910853147,121.3924137832929,119.30811098010335,120.41426086425781,806500,0.0,0.0
2018-01-08 00:00:00-05:00,122.77282552598308,126.76773718555386,122.11462312658468,125.65245056152344,1945200,0.0,0.0
2018-01-09 00:00:00-05:00,125.71645938735426,126.1369690971001,123.42188746357162,123.81498718261719,1198100,0.0,0.0
2018-01-10 00:00:00-05:00,123.51326176819842,123.64124475378736,120.93530083820801,121.54780578613281,884600,0.0,0.0
2018-01-11 00:00:00-05:00,121.85862498542703,123.19330275836911,121.21871002928357,123.12931823730469,838400,0.0,0.0
2018-01-12 00:00:00-05:00,123.7143957833049,124.15319265471258,121.6666538015673,122.05975341796875,990100,0.0,0.0
2018-01-16 00:00:00-05:00,122.59907906121498,123.29384176500753,114.91092233029576,117.01351165771484,2879600,0.0,0.0
2018-01-17 00:00:00-05:00,118.11052834706504,118.33907039647852,115.18519290439248,116.05364990234375,2017000,0.0,0.0
2018-01-18 00:00:00-05:00,105.31216430497994,108.55746391065502,102.88048074014688,107.78956604003906,8622300,0.0,0.0
2018-01-19 00:00:00-05:00,108.69460370195839,109.15168781594934,105.5864303319099,106.05265808105469,4275100,0.0,0.0
2018-01-22 00:00:00-05:00,105.8424010661339,105.97952770139041,103.35586225859063,103.7855224609375,3648000,0.0,0.0
2018-01-23 00:00:00-05:00,104.49855284724154,105.12933106549018,102.49652945920948,103.30099487304688,2972100,0.0,0.0
2018-01-24 00:00:00-05:00,104.2151778385369,104.36144810258554,102.4234089512414,102.75251007080078,2727500,0.0,0.0
2018-01-25 00:00:00-05:00,102.99020046744958,106.90283954033892,102.99020046744958,106.86627197265625,2499800,0.0,0.0
2018-01-26 00:00:00-05:00,106.957712243334,107.70733011853598,104.22435043887891,104.59001922607422,1916700,0.0,0.0
2018-01-29 00:00:00-05:00,104.42544649695807,104.63570129722812,101.7560697981537,102.09431457519531,2250800,0.0,0.0
2018-01-30 00:00:00-05:00,102.73422562798771,103.97749500841839,101.51838715373366,101.81092071533203,2146000,0.0,0.0
2018-01-31 00:00:00-05:00,102.24970195844129,102.45996369305671,100.78703437377703,102.01201629638672,2606200,0.0,0.0
2018-02-01 00:00:00-05:00,101.39955734988608,101.99376820535763,99.6077881211398,99.82718658447266,1961800,0.0,0.0
2018-02-02 00:00:00-05:00,99.20552133003915,99.75402778176945,95.9145174924036,96.4538803100586,2738600,0.0,0.0
2018-02-05 00:00:00-05:00,95.3294651087102,100.46709324461992,94.02220421694307,96.12479400634766,3838000,0.0,0.0
2018-02-06 00:00:00-05:00,94.62554996850416,99.20552751429344,94.4427121483466,98.30964660644531,2903900,0.0,0.0
2018-02-07 00:00:00-05:00,98.23651396567536,100.0831376359989,97.41376119050892,97.47775268554688,1668300,0.0,0.0
2018-02-08 00:00:00-05:00,97.76115207692156,99.37008312900012,96.11564648439798,96.15221405029297,2377500,0.0,0.0
2018-02-09 00:00:00-05:00,96.90184952613046,99.37924503084292,94.84497064467958,98.4742202758789,2573800,0.0,0.0
2018-02-12 00:00:00-05:00,99.90029018898238,102.52395518193111,99.6534678674809,102.01201629638672,2637100,0.0,0.0
2018-02-13 00:00:00-05:00,102.02120321511529,102.93537171520512,98.80333316360202,99.14157104492188,2763500,0.0,0.0
2018-02-14 00:00:00-05:00,97.98056471759055,102.53312620124906,97.47776933175189,102.13088989257812,2051700,0.0,0.0
2018-02-15 00:00:00-05:00,102.77994750295686,104.80940234864775,101.82006794905949,104.77283477783203,1760200,0.0,0.0
2018-02-16 00:00:00-05:00,104.54429400797514,104.75454882462512,102.35028855325356,102.60625457763672,1668900,0.0,0.0
2018-02-20 00:00:00-05:00,102.38685863780219,105.485888890393,102.38685863780219,104.74541473388672,1431700,0.0,0.0
2018-02-21 00:00:00-05:00,105.44930817223977,106.50060307388779,103.18217477650093,103.3101577758789,1775000,0.0,0.0
2018-02-22 00:00:00-05:00,104.1054917122509,104.90082070688004,103.44729634290914,103.92266082763672,1021900,0.0,0.0
2018-02-23 00:00:00-05:00,105.89725434136038,108.63062262694008,105.68699953450087,108.55748748779297,2142300,0.0,0.0
2018-02-26 00:00:00-05:00,104.53513245938882,105.03792776009522,97.9257002674841,100.64991760253906,7152000,0.0,0.0
2018-02-27 00:00:00-05:00,101.07046232011086,103.39245103659758,101.07046232011086,101.9937744140625,2665700,0.0,0.0
2018-02-28 00:00:00-05:00,102.93535618804168,103.20960948652008,90.4386763507532,91.80992889404297,6717200,0.0,0.0
2018-03-01 00:00:00-05:00,92.5777905208387,92.61435807787521,86.5717070249225,87.76927185058594,7170800,0.0,0.0
2018-03-02 00:00:00-05:00,87.47677116308505,87.62303447151551,82.72309158445344,86.86427307128906,5718000,0.0,0.0
2018-03-05 00:00:00-05:00,86.13292949961658,89.27767036063716,85.4747272752588,88.16238403320312,2503300,0.0,0.0
2018-03-06 00:00:00-05:00,89.95416413856661,92.23044130390078,89.39652090505753,91.54481506347656,3587400,0.0,0.0
2018-03-07 00:00:00-05:00,90.50266018410899,91.9836153161417,90.11871117843216,91.46253967285156,1567900,0.0,0.0
2018-03-08 00:00:00-05:00,91.56310912002722,92.6509647594107,90.18271290081813,90.75863647460938,1274400,0.0,0.0
2018-03-09 00:00:00-05:00,91.1517391620506,93.62913492922912,90.57581552506697,93.02578735351562,1510000,0.0,0.0
2018-03-12 00:00:00-04:00,93.23603906169645,95.04609567701216,92.87951392110503,94.15020751953125,1509000,0.0,0.0
2018-03-13 00:00:00-04:00,94.15932836469587,95.43002165553698,93.74795544806823,94.27816772460938,1373100,0.0,0.0
2018-03-14 00:00:00-04:00,94.58540339320132,95.66763754273683,91.80644805088258,92.01739501953125,1965700,0.335,0.0
2018-03-15 00:00:00-04:00,92.20083841568236,92.5676988205507,89.74288279952872,89.94465637207031,1506900,0.0,0.0
2018-03-16 00:00:00-04:00,89.79792343627152,90.62335066522475,88.50474198229146,90.21981048583984,2101800,0.0,0.0
2018-03-19 00:00:00-04:00,89.4860892166585,89.88046295646073,87.87190751452836,88.88077545166016,1186300,0.0,0.0
2018-03-20 00:00:00-04:00,88.92661421038774,88.92661421038774,86.21185865001817,87.42249298095703,3660000,0.0,0.0
2018-03-21 00:00:00-04:00,87.75269857917895,90.58668181898686,86.77135074890889,89.39439392089844,1780300,0.0,0.0
2018-03-22 00:00:00-04:00,88.33048908625412,89.60532377662511,86.25774040821977,86.3127670288086,1536200,0.0,0.0
2018-03-23 00:00:00-04:00,86.21188868186168,87.6609838092662,85.3222542429199,85.51485443115234,1356700,0.0,0.0
2018-03-26 00:00:00-04:00,86.73466103676627,87.43169527474751,85.42313949555724,86.54206085205078,1691600,0.0,0.0
2018-03-27 00:00:00-04:00,86.92723457760698,87.81686872762391,85.12045297351565,85.6890869140625,1644700,0.0,0.0
2018-03-28 00:00:00-04:00,85.68906406302821,86.06509078033673,81.88290174416753,82.13970184326172,2906300,0.0,0.0
2018-03-29 00:00:00-04:00,82.96514904288699,85.9275380836693,82.58912226524558,85.05624389648438,2275700,0.0,0.0
2018-04-02 00:00:00-04:00,84.42343665254984,84.790290082878,81.28678664391104,81.58944702148438,1919800,0.0,0.0
2018-04-03 00:00:00-04:00,82.15808145132617,83.1394290767265,80.30543943127053,82.92848205566406,1883800,0.0,0.0
2018-04-04 00:00:00-04:00,80.50720110228822,84.04739077777295,79.5625403593728,84.01070404052734,2280800,0.0,0.0
2018-04-05 00:00:00-04:00,84.63436990227778,90.32985501888551,84.249169632891,87.83521270751953,2884300,0.0,0.0
2018-04-06 00:00:00-04:00,86.67959058030388,87.69762461135251,83.67134864963991,84.19412231445312,2707900,0.0,0.0
2018-04-09 00:00:00-04:00,85.0837599188516,85.0837599188516,83.25863857998337,83.66218566894531,1161400,0.0,0.0
2018-04-10 00:00:00-04:00,85.1754743218265,85.8725012485767,84.08406676940625,84.68021392822266,1453300,0.0,0.0
2018-04-11 00:00:00-04:00,84.23082492326161,86.20269349177478,83.65302450437275,85.57903289794922,1072800,0.0,0.0
2018-04-12 00:00:00-04:00,85.8908650952854,86.29440523864228,84.67105723638181,85.65240478515625,1185400,0.0,0.0
2018-04-13 00:00:00-04:00,88.17456696459327,88.44971403495667,86.61541889194906,87.58759307861328,1999300,0.0,0.0
2018-04-16 00:00:00-04:00,88.45889359703138,89.48610154854069,86.70714511414297,88.84410095214844,1415800,0.0,0.0
2018-04-17 00:00:00-04:00,89.5502833574487,89.84377028416866,87.8994150213488,88.62396240234375,1164200,0.0,0.0
2018-04-18 00:00:00-04:00,89.20175376366058,91.51296202093785,89.00915365866072,90.60498809814453,1145700,0.0,0.0
2018-04-19 00:00:00-04:00,90.79760366272859,91.43960412203782,88.8899351589523,90.42156982421875,1526400,0.0,0.0
2018-04-20 00:00:00-04:00,90.09139503861535,90.17393494853953,89.06418739901046,89.65116119384766,912300,0.0,0.0
2018-04-23 00:00:00-04:00,89.57779922479945,90.33903336806037,88.99082535457622,89.27513885498047,804900,0.0,0.0
2018-04-24 00:00:00-04:00,89.74289380446002,90.33904116081503,86.31276364246575,87.84439849853516,1328600,0.0,0.0
2018-04-25 00:00:00-04:00,87.86274477903683,88.24794510001978,86.65211020074682,87.55091094970703,870800,0.0,0.0
2018-04-26 00:00:00-04:00,87.89941723088728,89.24762523971222,86.7254694944978,88.55059814453125,1030400,0.0,0.0
2018-04-27 00:00:00-04:00,88.42218885725693,89.56862316773513,88.17455512771699,88.91744232177734,857100,0.0,0.0
2018-04-30 00:00:00-04:00,88.92662811279297,90.65086303633213,88.6973412188355,88.92662811279297,1441900,0.0,0.0
2018-05-01 00:00:00-04:00,88.29380456104745,89.5319595336914,87.7343509106654,89.5319595336914,1221600,0.0,0.0
2018-05-02 00:00:00-04:00,89.5136130154212,91.50382182050276,89.47692626820033,89.73372650146484,1398300,0.0,0.0
2018-05-03 00:00:00-04:00,89.7428924184506,91.01772703911666,88.51391797728859,89.77957916259766,1384000,0.0,0.0
2018-05-04 00:00:00-04:00,89.52274451665507,92.43009964852932,89.44019762475493,91.7697525024414,1294300,0.0,0.0
2018-05-07 00:00:00-04:00,91.81562805175781,93.89754959993303,91.4304278177433,91.81562805175781,1388200,0.0,0.0
2018-05-08 00:00:00-04:00,91.71475942410495,92.98959402031754,91.25618562698443,92.37510681152344,1680600,0.0,0.0
2018-05-09 00:00:00-04:00,93.29224987666716,94.25525060550055,91.87066837569529,93.31976318359375,1934900,0.0,0.0
2018-05-10 00:00:00-04:00,93.05378652702909,93.44816024046733,88.63313576111399,90.23814392089844,3860700,0.0,0.0
2018-05-11 00:00:00-04:00,89.88043390148604,90.8250944851718,89.66032051239385,90.37569427490234,1683200,0.0,0.0
2018-05-14 00:00:00-04:00,91.07273379394253,92.7511081106622,90.77924692460499,91.0177001953125,1525200,0.0,0.0
2018-05-15 00:00:00-04:00,90.87097277165309,93.31975483086522,89.90796513173466,92.45763397216797,1728400,0.0,0.0
2018-05-16 00:00:00-04:00,92.76948182314514,94.37449013497367,92.69610833525698,93.87005615234375,1545800,0.0,0.0
2018-05-17 00:00:00-04:00,94.11766109139471,97.09838990020602,94.00760089327977,96.1170425415039,2770400,0.0,0.0
2018-05-18 00:00:00-04:00,96.30048529407273,97.49277981567323,95.52091133638623,96.22711181640625,2305800,0.0,0.0
2018-05-21 00:00:00-04:00,96.75906149136593,97.58449564288101,94.93393992105159,95.44754028320312,1853900,0.0,0.0
2018-05-22 00:00:00-04:00,95.87861461576345,96.42890179738292,93.66828545641442,93.86088562011719,1034200,0.0,0.0
2018-05-23 00:00:00-04:00,92.94373940783863,93.77834712727515,92.44848583489622,93.40231323242188,907200,0.0,0.0
2018-05-24 00:00:00-04:00,91.32955156833884,91.68723854075874,87.08315407957505,87.14735412597656,3516900,0.0,0.0
2018-05-25 00:00:00-04:00,86.57872794069716,87.41332855160853,85.63406710753449,86.96392822265625,1741900,0.0,0.0
2018-05-29 00:00:00-04:00,86.74381660301073,86.9364167480481,84.93703481734713,85.32223510742188,1612200,0.0,0.0
2018-05-30 00:00:00-04:00,85.8358383178711,86.6245857933694,85.29472460648171,85.8358383178711,1241000,0.0,0.0
2018-05-31 00:00:00-04:00,85.8083089507035,86.5053429375633,85.5239954943557,85.72576904296875,1430000,0.0,0.0
2018-06-01 00:00:00-04:00,85.75327581960343,87.20237028820141,85.75327581960343,86.45030975341797,1242800,0.0,0.0
2018-06-04 00:00:00-04:00,86.73465178369673,87.12902554764575,86.05596449130117,86.61542510986328,962300,0.0,0.0
2018-06-05 00:00:00-04:00,86.67044038895806,87.44084094483205,86.47784024998955,86.80801391601562,973300,0.0,0.0
2018-06-06 00:00:00-04:00,86.94560858816158,87.75269608068585,86.16602741100203,87.74352264404297,1738000,0.0,0.0
2018-06-07 00:00:00-04:00,87.71599559939993,88.4405430405558,86.84470818134005,87.33079528808594,887500,0.0,0.0
2018-06-08 00:00:00-04:00,87.31245573720528,87.86274993924968,86.79885527906407,87.46837615966797,1044200,0.0,0.0
2018-06-11 00:00:00-04:00,87.54174265562996,88.39469027206103,86.78968184308827,87.46837615966797,815800,0.0,0.0
2018-06-12 00:00:00-04:00,89.0641879866132,89.65116178532298,87.45917997511127,87.80769348144531,1584600,0.0,0.0
2018-06-13 00:00:00-04:00,87.89022463296912,88.07365128820287,86.30355677581156,86.3769302368164,1598200,0.0,0.0
2018-06-14 00:00:00-04:00,86.69451791010826,87.4124456772689,85.9213600685245,86.20669555664062,1148200,0.335,0.0
2018-06-15 00:00:00-04:00,85.71884271945399,86.16985426287651,84.8628505339127,85.9029312133789,1698900,0.0,0.0
2018-06-18 00:00:00-04:00,85.70045243190243,85.7280639552758,84.93650084802944,85.47955322265625,1675600,0.0,0.0
2018-06-19 00:00:00-04:00,84.50389503952567,84.55912510425094,83.05883357616116,84.12652587890625,1841100,0.0,0.0
2018-06-20 00:00:00-04:00,84.75241583029448,85.25864345642351,84.0436873225513,84.31981658935547,1333700,0.0,0.0
2018-06-21 00:00:00-04:00,84.13571226726906,85.19419111758586,83.98844149232515,84.6511459350586,1319600,0.0,0.0
2018-06-22 00:00:00-04:00,85.02853375393785,86.1698614446211,84.8260469271314,86.02259063720703,1380200,0.0,0.0
2018-06-25 00:00:00-04:00,86.19745918414003,87.41241506202377,84.02526427788463,84.6419448852539,1414900,0.0,0.0
2018-06-26 00:00:00-04:00,84.98252671238778,85.69124824374413,84.57753896746448,85.15740203857422,1070700,0.0,0.0
2018-06-27 00:00:00-04:00,86.28031918054344,88.66421478614177,85.847719903163,85.9765853881836,1967800,0.0,0.0
2018-06-28 00:00:00-04:00,85.8292991402184,86.29871604008623,85.13898306134264,86.18826293945312,943700,0.0,0.0
2018-06-29 00:00:00-04:00,86.63926812598615,89.2348563210788,86.33553438592575,86.82335662841797,1768400,0.0,0.0
2018-07-02 00:00:00-04:00,86.46441639199412,87.24677342934683,85.58081240627408,86.04102325439453,1182400,0.0,0.0
2018-07-03 00:00:00-04:00,88.96794715889885,90.03563246650413,88.25001247730457,88.9311294555664,1726500,0.0,0.0
2018-07-05 00:00:00-04:00,89.1704169808275,89.62142849390632,85.87531391723077,87.23753356933594,1850900,0.0,0.0
2018-07-06 00:00:00-04:00,86.8693728845904,88.6089688425154,86.37234446486065,87.93706512451172,1171900,0.0,0.0
2018-07-09 00:00:00-04:00,88.13034102311306,88.8390623467694,87.88183035754086,88.342041015625,1003600,0.0,0.0
2018-07-10 00:00:00-04:00,88.34204673397649,89.1336026566416,87.47684839365195,88.1855697631836,1124600,0.0,0.0
2018-07-11 00:00:00-04:00,87.44001944576978,87.63330706713697,86.61163890972689,87.1454849243164,1173300,0.0,0.0
2018-07-12 00:00:00-04:00,88.33285565096905,88.62739026065668,87.32039336905898,87.76219177246094,996500,0.0,0.0
2018-07-13 00:00:00-04:00,87.9002466840234,88.36045739964656,87.31117752980641,87.96467590332031,847300,0.0,0.0
2018-07-16 00:00:00-04:00,87.89105872529606,88.09355260571317,87.1363132760885,87.40323638916016,2343000,0.0,0.0
2018-07-17 00:00:00-04:00,87.30196199821594,89.5477922970253,86.97981593623693,89.25325775146484,1103900,0.0,0.0
2018-07-18 00:00:00-04:00,89.19805720310669,90.07245488064196,88.41569325532757,89.04158020019531,1394600,0.0,0.0
2018-07-19 00:00:00-04:00,88.35127807267456,88.8667190059717,87.47688025612852,88.55377197265625,976000,0.0,0.0
2018-07-20 00:00:00-04:00,88.04751784967392,88.09353470807257,86.11462721821606,86.42757415771484,1803800,0.0,0.0
2018-07-23 00:00:00-04:00,86.28031130550738,86.28031130550738,82.85634212806423,83.68472290039062,2490600,0.0,0.0
2018-07-24 00:00:00-04:00,84.53151228782927,85.07456465715799,83.44542159369017,83.66632080078125,1318400,0.0,0.0
2018-07-25 00:00:00-04:00,83.33494698516377,84.61433205556857,83.12324699220315,84.4854736328125,1115600,0.0,0.0
2018-07-26 00:00:00-04:00,84.58673370173082,85.99497741402189,83.87800524403316,85.6544189453125,1209000,0.0,0.0
2018-07-27 00:00:00-04:00,85.84769250424381,86.64846157205287,84.68796670952943,85.83849334716797,889900,0.0,0.0
2018-07-30 00:00:00-04:00,85.83851110557367,85.83851110557367,84.32902040648669,85.06535339355469,1272200,0.0,0.0
2018-07-31 00:00:00-04:00,85.25862081411267,87.00742265416852,84.9640862847959,86.70368194580078,989500,0.0,0.0
2018-08-01 00:00:00-04:00,86.51962907110259,86.66689989552515,82.92077729969454,83.76757049560547,1763100,0.0,0.0
2018-08-02 00:00:00-04:00,83.43620876530045,85.01012865718046,82.91156880134045,84.69718170166016,1494900,0.0,0.0
2018-08-03 00:00:00-04:00,84.9180958599325,85.51637128379586,84.50390194083052,85.24024200439453,786700,0.0,0.0
2018-08-06 00:00:00-04:00,84.95489499945319,85.53475793276269,84.56831268832245,85.28624725341797,1110100,0.0,0.0
2018-08-07 00:00:00-04:00,85.59920638182716,86.27111722063991,85.23103634777604,85.42432403564453,1603600,0.0,0.0
2018-08-08 00:00:00-04:00,89.65826732148119,92.49316038276207,88.83908567451049,90.9100341796875,5215100,0.0,0.0
2018-08-09 00:00:00-04:00,91.25978207450716,94.90464993030741,90.77195986216192,92.74166107177734,3463900,0.0,0.0
2018-08-10 00:00:00-04:00,92.08816261210971,92.7784786526135,90.39458360783296,90.66150665283203,1340100,0.0,0.0
2018-08-13 00:00:00-04:00,90.32095100033284,90.58787405357367,87.94626908459303,88.0198974609375,2108700,0.0,0.0
2018-08-14 00:00:00-04:00,88.13035010007651,89.66745217104923,87.99228548397987,89.5846176147461,1152900,0.0,0.0
2018-08-15 00:00:00-04:00,88.51692810306729,89.00475034217475,86.0962222465163,87.93706512451172,1930600,0.0,0.0
2018-08-16 00:00:00-04:00,88.81146539134019,90.33936839736027,88.81146539134019,89.33610534667969,1116900,0.0,0.0
2018-08-17 00:00:00-04:00,88.92190778086318,89.02315469182192,86.77732433565733,87.84501647949219,1334900,0.0,0.0
2018-08-20 00:00:00-04:00,87.99228816372893,88.66419890399091,87.7345712843709,87.93706512451172,1129700,0.0,0.0
2018-08-21 00:00:00-04:00,87.8726404163284,88.00149886262341,86.92460740904711,87.29277038574219,1384300,0.0,0.0
2018-08-22 00:00:00-04:00,87.44003019797202,87.76217627319721,86.79573804752165,87.00743103027344,1236100,0.0,0.0
2018-08-23 00:00:00-04:00,86.97982547016949,87.07186620907251,85.05614804474071,86.30791473388672,3337400,0.0,0.0
2018-08-24 00:00:00-04:00,86.75893452333851,89.26248218366345,86.51962296168008,88.36046600341797,1612700,0.0,0.0
2018-08-27 00:00:00-04:00,88.63659639013306,90.19210400494791,88.45250787027459,89.17964172363281,883900,0.0,0.0
2018-08-28 00:00:00-04:00,89.22564697265625,90.30253825542745,88.71020624697131,89.22564697265625,1058300,0.0,0.0
2018-08-29 00:00:00-04:00,89.09679824237314,89.48337356201108,87.97388296148915,89.02316284179688,753800,0.0,0.0
2018-08-30 00:00:00-04:00,88.53534870189063,88.7838594237485,87.0350571224877,87.48606872558594,985200,0.0,0.0
2018-08-31 00:00:00-04:00,87.17310869002303,88.75623459867809,86.93379716325339,87.91864776611328,762900,0.0,0.0
2018-09-04 00:00:00-04:00,89.2808751690582,89.81472126262747,87.44923856223448,88.88509368896484,1488400,0.0,0.0
2018-09-05 00:00:00-04:00,88.88509604249288,89.15201909634517,87.49525773528194,88.77464294433594,1333800,0.0,0.0
2018-09-06 00:00:00-04:00,88.99554161701538,90.65229581575939,88.94951774110963,89.88835144042969,1355700,0.0,0.0
2018-09-07 00:00:00-04:00,89.18884930860169,90.17370008299967,88.15797464795016,89.45577239990234,1280100,0.0,0.0
2018-09-10 00:00:00-04:00,89.66746595416433,90.12767673038844,89.12442060890426,89.63985443115234,1227000,0.0,0.0
2018-09-11 00:00:00-04:00,89.35452001920082,91.54512063946318,88.71942694337633,90.97445678710938,1536400,0.0,0.0
2018-09-12 00:00:00-04:00,90.95605104945561,92.11578408911686,90.33937033860936,91.54512023925781,1221000,0.0,0.0
2018-09-13 00:00:00-04:00,92.22390829540056,93.49837994940864,91.98378799676478,92.91655731201172,1415100,0.335,0.0
2018-09-14 00:00:00-04:00,93.15668999943533,93.78469213985292,91.86374358728251,93.18439483642578,1250400,0.0,0.0
2018-09-17 00:00:00-04:00,93.18441201257525,95.57635732685911,92.93505434171632,94.61588287353516,1769500,0.0,0.0
2018-09-18 00:00:00-04:00,94.61585934170111,95.29004086435643,93.48915611601583,95.17921447753906,1301500,0.0,0.0
2018-09-19 00:00:00-04:00,95.44706513953281,98.21766213659323,95.43782784333138,97.42342376708984,1644800,0.0,0.0
2018-09-20 00:00:00-04:00,97.52499233734629,98.81793873939641,97.34952602244744,98.44852447509766,1523400,0.0,0.0
2018-09-21 00:00:00-04:00,98.79022692038637,99.2058135346055,96.54604370242393,97.35874938964844,2066900,0.0,0.0
2018-09-24 00:00:00-04:00,97.10016227670633,97.98675222752348,96.47216018079534,96.91545867919922,1230600,0.0,0.0
2018-09-25 00:00:00-04:00,97.24795435607749,97.38647856477891,94.49582499200147,94.68976593017578,1454700,0.0,0.0
2018-09-26 00:00:00-04:00,94.27415194538219,94.73591796347753,93.39679228340688,93.572265625,1491500,0.0,0.0
2018-09-27 00:00:00-04:00,93.65539892254903,93.97863376657203,92.10386462524744,93.2305679321289,1079100,0.0,0.0
2018-09-28 00:00:00-04:00,93.03662201617809,93.42451085411106,92.09462237203408,92.15003204345703,1421000,0.0,0.0
2018-10-01 00:00:00-04:00,92.97196852980926,93.39679242156657,92.44555555024147,93.12896728515625,758200,0.0,0.0
2018-10-02 00:00:00-04:00,93.40603773251098,94.20951321070984,92.8796247077575,94.0617446899414,1035500,0.0,0.0
2018-10-03 00:00:00-04:00,94.2279804006191,96.97087190471089,93.98786007826334,96.08428192138672,1352400,0.0,0.0
2018-10-04 00:00:00-04:00,96.04732537822676,96.70303223480933,94.76361649694695,96.25050354003906,1168100,0.0,0.0
2018-10-05 00:00:00-04:00,96.19510540838826,97.20175199951437,94.17256788641295,95.17921447753906,1521000,0.0,0.0
2018-10-08 00:00:00-04:00,94.32033358136258,94.68051054716523,92.84268358755803,94.43115997314453,2145400,0.0,0.0
2018-10-09 00:00:00-04:00,93.46144593211778,93.46144593211778,89.5549090852375,89.84120178222656,2716200,0.0,0.0
2018-10-10 00:00:00-04:00,89.8042541112998,89.90584319996113,88.17884278469923,88.35430908203125,1833300,0.0,0.0
2018-10-11 00:00:00-04:00,87.36612354566523,89.02848392134185,86.8397106010326,87.14447784423828,1614000,0.0,0.0
2018-10-12 00:00:00-04:00,88.2712310305345,88.76993938644631,86.91363723599562,87.81869506835938,1048200,0.0,0.0
2018-10-15 00:00:00-04:00,87.88333334063039,89.31480411761443,87.82791661369471,88.70527648925781,759200,0.0,0.0
2018-10-16 00:00:00-04:00,89.09314920217348,89.97050194168176,88.10497006616248,89.7119140625,993400,0.0,0.0
2018-10-17 00:00:00-04:00,89.1023736098376,89.91507926200882,88.74218963479498,88.95460510253906,1183100,0.0,0.0
2018-10-18 00:00:00-04:00,88.88072206600798,89.44407717731521,87.31995770073821,88.35430908203125,1202400,0.0,0.0
2018-10-19 00:00:00-04:00,88.25271296813173,88.9268944077632,87.80018427483895,88.3173599243164,880100,0.0,0.0
2018-10-22 00:00:00-04:00,88.90843674823344,90.52461800651558,88.08649370055781,89.82273864746094,1317800,0.0,0.0
2018-10-23 00:00:00-04:00,88.31736870630793,89.3794319886556,86.59036825679425,88.80684661865234,1497800,0.0,0.0
2018-10-24 00:00:00-04:00,88.90843248849438,89.03773346527377,86.33178412064221,86.47954559326172,1538100,0.0,0.0
2018-10-25 00:00:00-04:00,87.15373014055434,88.26196588446372,86.51649071251138,88.11420440673828,1135900,0.0,0.0
2018-10-26 00:00:00-04:00,86.82124344778558,88.44665466013018,85.5652393907985,87.95718383789062,1621200,0.0,0.0
2018-10-29 00:00:00-04:00,89.12084564410976,90.4137919642069,86.77507331738842,87.88331604003906,1448600,0.0,0.0
2018-10-30 00:00:00-04:00,87.73554517686298,89.92431868256864,86.51648314677145,89.69343566894531,1305700,0.0,0.0
2018-10-31 00:00:00-04:00,90.58923984151275,92.58407210892702,90.39529898984566,91.6328353881836,2166800,0.0,0.0
2018-11-01 00:00:00-04:00,92.7041468988378,97.7466311690517,92.35320724785257,97.35874938964844,2981900,0.0,0.0
2018-11-02 00:00:00-04:00,97.71892863303367,100.17552738569249,97.51575044495023,98.3007583618164,1710800,0.0,0.0
2018-11-05 00:00:00-05:00,98.00523387760121,98.67940839847796,96.96163804310679,98.08834838867188,829800,0.0,0.0
2018-11-06 00:00:00-05:00,98.12526069221165,99.63985238768763,97.9867295032131,99.54750061035156,1222100,0.0,0.0
2018-11-07 00:00:00-05:00,99.7414608040643,100.42487254410374,98.50393124653367,99.73222351074219,1751800,0.0,0.0
2018-11-08 00:00:00-05:00,96.32440780743092,98.817941839182,93.83086672968858,97.77435302734375,2643900,0.0,0.0
2018-11-09 00:00:00-05:00,96.04733294975219,96.50909897354907,92.80573348982075,94.55120849609375,1455000,0.0,0.0
2018-11-12 00:00:00-05:00,94.44040287745135,94.4588704208499,90.4599743828845,90.57080078125,1241600,0.0,0.0
2018-11-13 00:00:00-05:00,90.85707628970427,93.2120857253697,90.81090391695967,91.61437225341797,1453900,0.0,0.0
2018-11-14 00:00:00-05:00,92.3532307286415,93.29523058183703,91.86375973313848,92.29782104492188,785700,0.0,0.0
2018-11-15 00:00:00-05:00,92.10387121229319,95.4655279225323,91.49433656626495,94.84675598144531,1139600,0.0,0.0
2018-11-16 00:00:00-05:00,94.29263708663389,94.92987656527015,92.2239269122964,93.25828552246094,1379700,0.0,0.0
2018-11-19 00:00:00-05:00,92.94424818720954,94.38495567068247,91.71594909117731,91.99301147460938,981100,0.0,0.0
2018-11-20 00:00:00-05:00,90.37685114412766,90.63543900269318,87.77249092487527,88.41896057128906,1643800,0.0,0.0
2018-11-21 00:00:00-05:00,88.66832563142157,89.27785319982189,86.15631700118576,88.21578979492188,1202700,0.0,0.0
2018-11-23 00:00:00-05:00,87.68937291624921,90.58003299229155,87.38461266833313,89.37020111083984,482900,0.0,0.0
2018-11-26 00:00:00-05:00,89.8966171586454,90.51538906139288,88.55749834375602,89.22244262695312,977600,0.0,0.0
2018-11-27 00:00:00-05:00,88.34508302222521,89.53643321664985,87.38460880407665,88.1326675415039,1014200,0.0,0.0
2018-11-28 00:00:00-05:00,87.87408839092633,89.29632879453108,86.83972981212524,89.23168182373047,1093400,0.0,0.0
2018-11-29 00:00:00-05:00,89.30554677100757,89.46255257508332,87.1721899817584,89.04695892333984,894300,0.0,0.0
2018-11-30 00:00:00-05:00,88.65907513393223,89.85043230156327,87.93872127582748,88.95460510253906,1037800,0.0,0.0
2018-12-03 00:00:00-05:00,91.0510335135556,92.68568940479472,90.13673863556922,90.93097686767578,1698000,0.0,0.0
2018-12-04 00:00:00-05:00,90.67235622963972,92.18694788183343,85.8976983133219,86.06393432617188,2421500,0.0,0.0
2018-12-06 00:00:00-05:00,85.00190464838595,85.00190464838595,81.28930125361369,84.21690368652344,2034900,0.0,0.0
2018-12-07 00:00:00-05:00,84.3369690679612,85.17738684018552,81.34472639899327,81.87113952636719,1523500,0.0,0.0
2018-12-10 00:00:00-05:00,82.17589830608212,82.94242467759352,80.57818449887671,82.23130798339844,1088000,0.0,0.0
2018-12-11 00:00:00-05:00,84.069134471166,85.04807634184074,81.92654006346838,82.26824951171875,1060200,0.0,0.0
2018-12-12 00:00:00-05:00,83.36721803241458,83.61657558075856,81.92651058327668,81.99115753173828,973000,0.0,0.0
2018-12-13 00:00:00-05:00,82.13487704610672,82.5983921615731,80.8555778735841,81.52304077148438,955700,0.335,0.0
2018-12-14 00:00:00-05:00,80.71650657322209,81.24491342145078,77.87979686932901,78.76974487304688,1719900,0.0,0.0
2018-12-17 00:00:00-05:00,78.36186665895609,78.43603077711666,73.88430881069642,74.63520812988281,2762400,0.0,0.0
2018-12-18 00:00:00-05:00,75.29337887168555,76.63756956296761,74.75569976610164,75.11724090576172,1690000,0.0,0.0
2018-12-19 00:00:00-05:00,75.39535993000855,76.60976710096591,73.30026991811306,73.97700500488281,1764700,0.0,0.0
2018-12-20 00:00:00-05:00,71.90045182994896,72.43813098193095,68.29430532997453,70.60261535644531,4684500,0.0,0.0
2018-12-21 00:00:00-05:00,70.76020129521733,71.99315288739388,69.15643629008905,69.37892150878906,2776000,0.0,0.0
2018-12-24 00:00:00-05:00,68.56313005126674,69.36964860450163,67.15404772560281,67.79369354248047,870200,0.0,0.0
2018-12-26 00:00:00-05:00,68.0718250134679,70.74166933131025,66.64419771663172,70.71385955810547,1500300,0.0,0.0
2018-12-27 00:00:00-05:00,69.7868328771725,71.66870306645066,68.60023534340179,71.58527374267578,1657000,0.0,0.0
2018-12-28 00:00:00-05:00,71.91899828390012,72.66989041655728,70.55626287820489,71.14028930664062,1202500,0.0,0.0
2018-12-31 00:00:00-05:00,71.38129807411987,72.0765704579587,70.48207799272674,71.4461898803711,1040100,0.0,0.0
2019-01-02 00:00:00-05:00,70.26888675737253,73.26319011973864,69.64777119438003,72.41032409667969,1052300,0.0,0.0
2019-01-03 00:00:00-05:00,71.24228411751258,71.27009389760732,67.28386746082779,67.3858413696289,1968100,0.0,0.0
2019-01-04 00:00:00-05:00,69.1286419590221,71.64089296058394,68.94323874748245,70.6767807006836,2089500,0.0,0.0
2019-01-07 00:00:00-05:00,70.72313427226327,71.51110852177267,69.85172362759123,70.99197387695312,1413300,0.0,0.0
2019-01-08 00:00:00-05:00,71.64090151461573,72.03952483243346,71.01052061836165,71.687255859375,1622800,0.0,0.0
2019-01-09 00:00:00-05:00,72.10438924754978,72.38250106496929,70.3893852339356,71.23297882080078,1113900,0.0,0.0
2019-01-10 00:00:00-05:00,70.6675321586271,72.28983539661257,70.0278789043921,71.63163757324219,1929400,0.0,0.0
2019-01-11 00:00:00-05:00,71.12173776742524,72.1692790481443,69.87024876931305,71.76139068603516,1526200,0.0,0.0
2019-01-14 00:00:00-05:00,71.01050431211928,71.8262953273992,70.53771698032556,71.35350799560547,1374900,0.0,0.0
2019-01-15 00:00:00-05:00,69.49943869170573,70.47281592653171,67.79369985170801,68.26648712158203,2128200,0.0,0.0
2019-01-16 00:00:00-05:00,68.52608233033213,69.46238497177642,68.1367312776176,68.53535461425781,2634300,0.0,0.0
2019-01-17 00:00:00-05:00,68.45189891846555,70.20399230740213,68.18306641448545,69.79609680175781,2020800,0.0,0.0
2019-01-18 00:00:00-05:00,70.29668742481927,71.61306834287016,70.24106081474379,71.0383071899414,1457300,0.0,0.0
2019-01-22 00:00:00-05:00,69.98150123301484,70.18544898945383,68.69292994207224,69.8702621459961,1435800,0.0,0.0
2019-01-23 00:00:00-05:00,70.12057049933458,70.30597372807637,68.1181887527399,68.52607727050781,1271100,0.0,0.0
2019-01-24 00:00:00-05:00,68.57241952199529,69.70339740685148,68.27577016471157,68.61876678466797,1660300,0.0,0.0
2019-01-25 00:00:00-05:00,70.25034689348598,71.7150562958601,70.07420889355974,70.99197387695312,2234900,0.0,0.0
2019-01-28 00:00:00-05:00,70.66751276030804,71.88192001612873,70.47283020123126,71.46475219726562,1273500,0.0,0.0
2019-01-29 00:00:00-05:00,71.83556661070274,73.03143639067288,71.83556661070274,72.6050033569336,1815100,0.0,0.0
2019-01-30 00:00:00-05:00,73.31880988564455,74.59811599677302,72.63280956699859,74.35708618164062,1592500,0.0,0.0
2019-01-31 00:00:00-05:00,74.84840705422127,75.59930623220829,73.79159332353552,74.83914184570312,1971400,0.0,0.0
2019-02-01 00:00:00-05:00,74.98746036521209,75.91449041751801,74.63519149149992,75.36754608154297,969200,0.0,0.0
2019-02-04 00:00:00-05:00,75.36755484005101,76.01647312300513,75.061633189796,75.96085357666016,885100,0.0,0.0
2019-02-05 00:00:00-05:00,75.32120131065717,75.96085439119878,74.29219725616804,75.38609313964844,1410600,0.0,0.0
2019-02-06 00:00:00-05:00,75.02454419105067,76.832250006745,74.9503800876688,76.1926040649414,1154500,0.0,0.0
2019-02-07 00:00:00-05:00,75.4324495713534,75.8125282738027,73.5042250668268,74.7557144165039,1222800,0.0,0.0
2019-02-08 00:00:00-05:00,74.00482084237254,75.11725422742991,73.71743667763418,75.09871673583984,712500,0.0,0.0
2019-02-11 00:00:00-05:00,75.61784629549909,75.91449564977584,74.44978636873753,74.95965576171875,659900,0.0,0.0
2019-02-12 00:00:00-05:00,74.47760070012184,74.98747012431731,72.69770446549589,74.57957458496094,1947500,0.0,0.0
2019-02-13 00:00:00-05:00,75.10799940096916,76.16482055686967,75.05237984059357,75.76619720458984,886600,0.0,0.0
2019-02-14 00:00:00-05:00,75.46954585983949,75.8867066975064,74.53324320525236,74.5517807006836,1362500,0.0,0.0
2019-02-15 00:00:00-05:00,75.83106493695381,75.83106493695381,74.46832955962127,75.43244171142578,1549800,0.0,0.0
2019-02-19 00:00:00-05:00,75.1358008020003,77.37921219640786,74.5517672474419,77.06401824951172,1616100,0.0,0.0
2019-02-20 00:00:00-05:00,77.24015953545408,78.02813382717848,76.70248029726869,76.76737213134766,1770900,0.0,0.0
2019-02-21 00:00:00-05:00,82.12558859389151,85.28676445386024,79.56699075260386,82.7467041015625,5503500,0.0,0.0
2019-02-22 00:00:00-05:00,83.27511737927057,83.34000920476517,81.58792284373258,82.67254638671875,1511000,0.0,0.0
2019-02-25 00:00:00-05:00,83.42343620043313,85.28676867020828,83.37708893932806,84.88814544677734,1607600,0.0,0.0
2019-02-26 00:00:00-05:00,84.56367367399079,85.55559544348809,84.22994232419009,84.35972595214844,1265400,0.0,0.0
2019-02-27 00:00:00-05:00,84.3690157661734,86.34358743563155,84.03528434701445,85.54634094238281,1128300,0.0,0.0
2019-02-28 00:00:00-05:00,85.45362670065276,85.45362670065276,84.27630169860907,84.62857055664062,1338800,0.0,0.0
2019-03-01 00:00:00-05:00,85.28676750061155,85.73174505172359,83.99819625310136,84.1650619506836,1320900,0.0,0.0
2019-03-04 00:00:00-05:00,84.35974566155232,84.35974566155232,80.74432657580715,82.03289794921875,1691500,0.0,0.0
2019-03-05 00:00:00-05:00,81.90312206894514,82.19050625901106,80.99463637470727,81.5137710571289,960800,0.0,0.0
2019-03-06 00:00:00-05:00,81.53229092531069,81.79186528308826,79.87291334232772,80.06758880615234,754600,0.0,0.0
2019-03-07 00:00:00-05:00,79.47428332864207,79.72457831136245,77.83343630269721,78.4267349243164,1296800,0.0,0.0
2019-03-08 00:00:00-05:00,77.07328097860983,77.16598257290798,74.90403396678441,76.91568756103516,1779500,0.0,0.0
2019-03-11 00:00:00-04:00,77.28651114134507,79.27962043437884,77.03620902398526,79.27035522460938,1016000,0.0,0.0
2019-03-12 00:00:00-04:00,79.5948022693999,79.84509727598626,78.83463789592525,79.23326110839844,850400,0.0,0.0
2019-03-13 00:00:00-04:00,79.75240765613124,80.52184442615173,79.3723289486753,79.91927337646484,1013400,0.0,0.0
2019-03-14 00:00:00-04:00,79.90809833428874,80.25256536885344,78.74434299481581,78.88399505615234,787300,0.368,0.0
2019-03-15 00:00:00-04:00,79.20052477668212,80.06635894238833,79.20052477668212,79.52637481689453,1498800,0.0,0.0
2019-03-18 00:00:00-04:00,79.68465042852208,80.47600972422013,79.13536132990683,80.4666976928711,759800,0.0,0.0
2019-03-19 00:00:00-04:00,81.32323502608057,81.32323502608057,79.02365296202986,79.3495101928711,891600,0.0,0.0
2019-03-20 00:00:00-04:00,79.3681018538597,79.45188881587937,78.12055973269251,78.6139907836914,734500,0.0,0.0
2019-03-21 00:00:00-04:00,78.61400181453571,80.168777220598,78.44642076398416,79.61017608642578,916900,0.0,0.0
2019-03-22 00:00:00-04:00,79.13536097033501,79.49845205831194,76.81716238486719,77.0126724243164,890500,0.0,0.0
2019-03-25 00:00:00-04:00,76.47268454276978,76.57509557317438,75.27168827047812,75.95132446289062,1013400,0.0,0.0
2019-03-26 00:00:00-04:00,76.1747753938902,77.15233279952302,74.84343889344714,75.44859313964844,1568200,0.0,0.0
2019-03-27 00:00:00-04:00,75.45790811220238,75.7372051654093,74.29415263300739,74.62000274658203,1091900,0.0,0.0
2019-03-28 00:00:00-04:00,74.48033736643859,75.80236164997325,74.29413936422189,75.56961059570312,975000,0.0,0.0
2019-03-29 00:00:00-04:00,75.70927939888136,76.68683688429131,75.23446515428223,76.32374572753906,1794400,0.0,0.0
2019-04-01 00:00:00-04:00,76.74269684840962,78.72573376338991,76.74269684840962,78.39057159423828,1439100,0.0,0.0
2019-04-02 00:00:00-04:00,78.54882942955513,78.66985742235619,76.3609638070079,77.18025207519531,1782900,0.0,0.0
2019-04-03 00:00:00-04:00,77.94367411966184,78.71640932385641,77.63644102358471,78.39986419677734,1976500,0.0,0.0
2019-04-04 00:00:00-04:00,78.62328975744144,80.04773193089721,78.31606381696801,79.64739990234375,1544500,0.0,0.0
2019-04-05 00:00:00-04:00,79.9360362200271,80.65290646358537,79.52639202199398,80.19671630859375,1424500,0.0,0.0
2019-04-08 00:00:00-04:00,80.25256479135395,80.95081799001305,79.86154470482457,80.94151306152344,964300,0.0,0.0
2019-04-09 00:00:00-04:00,80.72737273978382,80.89495377867927,78.82812333330139,78.93053436279297,1484000,0.0,0.0
2019-04-10 00:00:00-04:00,79.0236217859949,79.88015091654931,78.33468077278566,79.64739990234375,821500,0.0,0.0
2019-04-11 00:00:00-04:00,79.32153969675794,79.41464578119538,76.92885964845352,77.00334167480469,1404700,0.0,0.0
2019-04-12 00:00:00-04:00,77.3478408005591,78.43711415291837,77.03129563742093,77.88782501220703,1090200,0.0,0.0
2019-04-15 00:00:00-04:00,77.81333694741114,77.85988289812846,76.333036495825,76.58441162109375,1352400,0.0,0.0
2019-04-16 00:00:00-04:00,76.83578882035407,77.69231112823913,76.44476869323258,77.4688720703125,1399300,0.0,0.0
2019-04-17 00:00:00-04:00,78.07403275164732,79.33088732255217,76.43546295166016,76.43546295166016,1357500,0.0,0.0
2019-04-18 00:00:00-04:00,76.50993288174078,76.94750603478039,75.58824062293334,76.8730239868164,790800,0.0,0.0
2019-04-22 00:00:00-04:00,76.77061772377236,76.87302877034574,75.93271238953531,76.50062561035156,576400,0.0,0.0
2019-04-23 00:00:00-04:00,76.00719950294838,76.00719950294838,72.28318186104792,73.59590148925781,2307300,0.0,0.0
2019-04-24 00:00:00-04:00,73.64243466087186,74.18241882990576,71.38940608345297,71.50112915039062,1653900,0.0,0.0
2019-04-25 00:00:00-04:00,71.31491009646385,71.45456212708368,69.63910703801795,69.70427703857422,1545300,0.0,0.0
2019-04-26 00:00:00-04:00,69.54603053992629,70.62599912636924,68.49399805389166,70.34669494628906,1622300,0.0,0.0
2019-04-29 00:00:00-04:00,70.29082570083159,70.8587389005617,69.55533144047624,70.48633575439453,1191800,0.0,0.0
2019-04-30 00:00:00-04:00,70.61668176151427,71.04494292977094,69.76015942500094,69.88118743896484,1239900,0.0,0.0
2019-05-01 00:00:00-04:00,69.82534536992985,70.19774863250309,68.85709972843998,68.95951080322266,1045500,0.0,0.0
2019-05-02 00:00:00-04:00,68.78259962306812,70.91460046179162,68.19606943280778,70.84011840820312,2306400,0.0,0.0
2019-05-03 00:00:00-04:00,71.47317673391227,72.0597138226377,71.04491572961898,71.7338638305664,1515800,0.0,0.0
2019-05-06 00:00:00-04:00,70.43976878848534,71.89213281200145,69.90908966897295,71.7338638305664,1968300,0.0,0.0
2019-05-07 00:00:00-04:00,71.24044752094588,71.54768065161012,69.91842308978362,70.6166763305664,2447500,0.0,0.0
2019-05-08 00:00:00-04:00,67.06023334703714,68.41019373824207,66.31543422709515,67.5722885131836,3919100,0.0,0.0
2019-05-09 00:00:00-04:00,66.60403042091274,68.06570649159615,64.24859131684939,67.60020446777344,3164500,0.0,0.0
2019-05-10 00:00:00-04:00,67.71195683549283,68.01918290599245,65.35650960832724,67.61885070800781,2037100,0.0,0.0
2019-05-13 00:00:00-04:00,66.36198852939158,66.55749858934692,63.72724453013725,63.820350646972656,3315500,0.0,0.0
2019-05-14 00:00:00-04:00,64.10896315530657,65.69166778430723,64.01586413648297,65.37512969970703,1605800,0.0,0.0
2019-05-15 00:00:00-04:00,64.49998507841717,65.79408065392293,64.27654600646653,64.77928924560547,2012600,0.0,0.0
2019-05-16 00:00:00-04:00,65.26338253280949,65.55199861856167,64.44410152528079,64.6209945678711,1497200,0.0,0.0
2019-05-17 00:00:00-04:00,63.997234373420895,64.22998545125861,62.935890026720806,63.08485412597656,1406300,0.0,0.0
2019-05-20 00:00:00-04:00,62.889335235397425,63.46655328140164,62.4331380727834,63.10346221923828,1206300,0.0,0.0
2019-05-21 00:00:00-04:00,63.39208848366555,64.62102115507761,63.21520247129574,63.7738037109375,1100100,0.0,0.0
2019-05-22 00:00:00-04:00,63.382768747845354,63.87619984598453,63.17794668378793,63.27104568481445,734100,0.0,0.0
2019-05-23 00:00:00-04:00,61.911781469471606,62.5821056534404,61.4276623938267,61.7628173828125,2144900,0.0,0.0
2019-05-24 00:00:00-04:00,62.34935483085402,62.77761592711912,61.52076162892826,62.19108581542969,1544400,0.0,0.0
2019-05-28 00:00:00-04:00,62.44246389036832,63.122100217527745,62.00489069243004,62.777626037597656,1514500,0.0,0.0
2019-05-29 00:00:00-04:00,61.911782376053075,62.302802454761085,60.943537107586536,61.26008224487305,1783800,0.0,0.0
2019-05-30 00:00:00-04:00,61.073873202977516,61.91177839127868,60.79457620887596,61.04594421386719,1167400,0.0,0.0
2019-05-31 00:00:00-04:00,60.51527942959127,60.51527942959127,58.77430238503675,58.93257141113281,1593200,0.0,0.0
2019-06-03 00:00:00-04:00,58.848784532840604,60.636311192929846,58.74637348536678,60.56183624267578,2087900,0.0,0.0
2019-06-04 00:00:00-04:00,60.915619325773626,62.90796821113501,60.915619325773626,62.88003921508789,1452700,0.0,0.0
2019-06-05 00:00:00-04:00,63.59689897389198,63.59689897389198,61.57662142658904,62.72175979614258,1044400,0.0,0.0
2019-06-06 00:00:00-04:00,62.50763528897866,63.81104287877891,62.41453626892148,63.7365608215332,1177000,0.0,0.0
2019-06-07 00:00:00-04:00,64.2113630750351,64.83513420631417,63.541038890914905,64.31377410888672,1311800,0.0,0.0
2019-06-10 00:00:00-04:00,65.0120220303386,66.25025926467396,64.84444099784962,66.03612518310547,1278800,0.0,0.0
2019-06-11 00:00:00-04:00,67.25576505934464,68.75468291644928,66.78095786461026,68.36366271972656,2485400,0.0,0.0
2019-06-12 00:00:00-04:00,68.30777976290507,68.83845186541892,67.04161350024074,67.19988250732422,1366300,0.0,0.0
2019-06-13 00:00:00-04:00,67.46938299555232,68.1057103464255,66.9266317264022,68.08699798583984,920600,0.368,0.0
2019-06-14 00:00:00-04:00,68.05894118834611,68.17122965591943,66.00959098234487,66.32775115966797,966800,0.0,0.0
2019-06-17 00:00:00-04:00,66.14994739880136,67.2448026068851,65.2890288379735,66.66461944580078,1008100,0.0,0.0
2019-06-18 00:00:00-04:00,67.2260791725816,67.8156220496701,66.18737538885841,66.22480010986328,1230200,0.0,0.0
2019-06-19 00:00:00-04:00,66.55232670456661,66.59911117524092,63.79178591647896,64.51233673095703,1805400,0.0,0.0
2019-06-20 00:00:00-04:00,65.42937627183808,65.6726797336288,63.819842375891994,65.02699279785156,1999900,0.0,0.0
2019-06-21 00:00:00-04:00,64.57786840479892,64.69015689410597,62.93090154742528,63.95089340209961,1889800,0.0,0.0
2019-06-24 00:00:00-04:00,63.88537100131141,64.43748209250312,63.23969095558336,63.64207458496094,988000,0.0,0.0
2019-06-25 00:00:00-04:00,63.77307498327747,64.03509087098871,63.18353209652969,63.436195373535156,1372700,0.0,0.0
2019-06-26 00:00:00-04:00,63.838592499775594,64.94280764612283,63.642080542298416,64.71822357177734,1252100,0.0,0.0
2019-06-27 00:00:00-04:00,65.13931534240447,66.41197024610776,64.9802352642912,65.05509185791016,778900,0.0,0.0
2019-06-28 00:00:00-04:00,65.50426816979059,66.37453944676518,63.97895706687755,65.887939453125,2059500,0.0,0.0
2019-07-01 00:00:00-04:00,66.62719979149809,67.1793109416525,65.26096868382997,65.81307983398438,932000,0.0,0.0
2019-07-02 00:00:00-04:00,66.14059746175009,66.14059746175009,64.94280623866763,65.38262176513672,682500,0.0,0.0
2019-07-03 00:00:00-04:00,65.68205570615167,67.00149486764109,65.38260796359116,66.94535064697266,626300,0.0,0.0
2019-07-05 00:00:00-04:00,66.67398565357918,66.74884938601429,65.47619449221162,65.98151397705078,732900,0.0,0.0
2019-07-08 00:00:00-04:00,65.90664427927848,66.55233141914142,65.08316471522262,65.68206024169922,787900,0.0,0.0
2019-07-09 00:00:00-04:00,65.27030767136563,66.1031468683503,65.06443602457897,66.08443450927734,926300,0.0,0.0
2019-07-10 00:00:00-04:00,66.374527135926,66.374527135926,65.32645646941712,65.96278381347656,1376500,0.0,0.0
2019-07-11 00:00:00-04:00,65.8317809015438,66.3651724557372,65.61655661338389,66.04701232910156,813300,0.0,0.0
2019-07-12 00:00:00-04:00,66.25289904777475,68.13380240099397,66.02830781862062,67.96536254882812,1272600,0.0,0.0
2019-07-15 00:00:00-04:00,68.16185316448814,68.32094035347971,66.496174670154,67.76882934570312,975400,0.0,0.0
2019-07-16 00:00:00-04:00,67.37582385446814,68.5268306533176,66.87986407117661,68.35839080810547,1188200,0.0,0.0
2019-07-17 00:00:00-04:00,68.33029288631757,68.35837213568226,67.12314932133346,67.97470092773438,1101700,0.0,0.0
2019-07-18 00:00:00-04:00,67.82499969661178,68.68591129483993,67.73141645121369,68.31159973144531,736700,0.0,0.0
2019-07-19 00:00:00-04:00,68.55489244187034,70.3422193428944,68.32094864429034,69.68717956542969,1455300,0.0,0.0
2019-07-22 00:00:00-04:00,69.76204077983405,70.49194425967364,68.38645015733738,68.48002624511719,1548900,0.0,0.0
2019-07-23 00:00:00-04:00,69.02279507754061,69.98664259129501,68.5549073804249,69.79013061523438,818700,0.0,0.0
2019-07-24 00:00:00-04:00,69.57488501000013,71.04405179513665,69.31286909510672,70.6791000366211,856800,0.0,0.0
2019-07-25 00:00:00-04:00,70.10828723045641,70.23929520778482,69.19123138915758,69.81819915771484,781300,0.0,0.0
2019-07-26 00:00:00-04:00,69.81820273475736,70.21122668687863,68.65784324494233,69.79013061523438,930600,0.0,0.0
2019-07-29 00:00:00-04:00,69.59360360178525,69.86497926420301,68.29287665600921,68.39580535888672,1074900,0.0,0.0
2019-07-30 00:00:00-04:00,68.00278326750046,69.06021383132774,67.43195981430122,68.87305450439453,1056200,0.0,0.0
2019-07-31 00:00:00-04:00,68.76078479456612,69.57490488564268,67.73142606428499,68.27417755126953,1361500,0.0,0.0
2019-08-01 00:00:00-04:00,67.89048302305955,68.67653064150433,64.72755877134402,65.1205825805664,1568800,0.0,0.0
2019-08-02 00:00:00-04:00,64.55912334110049,65.55104982019202,63.10867619297783,64.26903533935547,1457500,0.0,0.0
2019-08-05 00:00:00-04:00,62.88408419468296,62.88408419468296,60.21712657354817,61.20905303955078,2421400,0.0,0.0
2019-08-06 00:00:00-04:00,61.574006039472316,61.76115820858777,59.983184044400424,61.24647903442383,1731500,0.0,0.0
2019-08-07 00:00:00-04:00,60.45107665450202,63.6420735219847,60.36686031318693,63.24904251098633,2620800,0.0,0.0
2019-08-08 00:00:00-04:00,69.91175010857407,70.11762175298391,65.21416270184525,68.77010345458984,4385400,0.0,0.0
2019-08-09 00:00:00-04:00,67.28222758854653,67.68461114601514,64.94278996126324,65.73819732666016,2188000,0.0,0.0
2019-08-12 00:00:00-04:00,65.31713342881066,65.52299804383556,62.75310339202166,63.05255126953125,1516600,0.0,0.0
2019-08-13 00:00:00-04:00,63.071250435055184,66.60847957831709,62.50978673824187,64.0538101196289,1597200,0.0,0.0
2019-08-14 00:00:00-04:00,62.191618303934405,62.65014614824817,59.898971942967464,60.160987854003906,2087400,0.0,0.0
2019-08-15 00:00:00-04:00,60.2077679973688,60.2077679973688,57.30687011314316,57.699893951416016,2688300,0.0,0.0
2019-08-16 00:00:00-04:00,58.28007248395342,60.20776691851915,57.306869086274055,59.03805160522461,1666700,0.0,0.0
2019-08-19 00:00:00-04:00,60.08613064233068,61.13420153954972,59.833470885127845,60.75053024291992,1388200,0.0,0.0
2019-08-20 00:00:00-04:00,60.31071819456908,60.52594966548702,59.618246437553665,60.048702239990234,1091500,0.0,0.0
2019-08-21 00:00:00-04:00,61.124826110113595,62.03252905284301,60.54464300769967,61.676937103271484,1003800,0.0,0.0
2019-08-22 00:00:00-04:00,60.55400908996546,60.93768032831428,58.663742858907725,59.159706115722656,1850400,0.0,0.0
2019-08-23 00:00:00-04:00,58.55145781578148,58.663749847625155,55.87513999722856,56.099727630615234,1778100,0.0,0.0
2019-08-26 00:00:00-04:00,56.94191971973885,57.5127431651725,56.29623611424948,56.90449142456055,805200,0.0,0.0
2019-08-27 00:00:00-04:00,57.48467652488138,57.49403270714204,55.332394065283864,55.49147415161133,1066600,0.0,0.0
2019-08-28 00:00:00-04:00,55.26688145948217,55.90320884493254,54.864497860750355,55.51018142700195,2283800,0.0,0.0
2019-08-29 00:00:00-04:00,56.68927287296424,57.46596456347497,56.24009756001141,56.60505294799805,2307100,0.0,0.0
2019-08-30 00:00:00-04:00,57.353660149445915,59.20649452936369,57.353660149445915,57.76539993286133,1403500,0.0,0.0
2019-09-03 00:00:00-04:00,57.082283584330874,57.082283584330874,55.68797705398053,56.36173629760742,1372100,0.0,0.0
2019-09-04 00:00:00-04:00,57.64374756765922,57.999343122666865,56.951275958627306,57.37237548828125,898800,0.0,0.0
2019-09-05 00:00:00-04:00,58.326866653304776,59.337501956295064,58.326866653304776,58.92576217651367,1854400,0.0,0.0
2019-09-06 00:00:00-04:00,58.991267570914744,59.68373919765264,57.95255656110891,59.169063568115234,1023700,0.0,0.0
2019-09-09 00:00:00-04:00,59.412367206478834,61.23712950475998,59.21585170750161,61.16226577758789,1216400,0.0,0.0
2019-09-10 00:00:00-04:00,61.283934239542255,64.1006204358275,61.283934239542255,63.89474868774414,2358000,0.0,0.0
2019-09-11 00:00:00-04:00,64.38132565725924,64.92406975493483,62.884079880590484,64.80242156982422,1839300,0.0,0.0
2019-09-12 00:00:00-04:00,65.10159331111512,65.81658394941618,63.803327069432086,65.1768569946289,986700,0.368,0.0
2019-09-13 00:00:00-04:00,65.7507300207266,66.23993678602625,64.16081879981266,65.1768569946289,1169900,0.0,0.0
2019-09-16 00:00:00-04:00,64.8381802515373,65.65665669380215,64.57476452599188,64.7629165649414,1003000,0.0,0.0
2019-09-17 00:00:00-04:00,64.15141672244809,64.59358189461234,63.22945453606943,63.746883392333984,1120500,0.0,0.0
2019-09-18 00:00:00-04:00,63.36116152869511,64.23608210617101,62.589726721058085,63.408203125,1131000,0.0,0.0
2019-09-19 00:00:00-04:00,63.408194772786345,64.41482307427363,62.75905815249136,64.2454833984375,1238600,0.0,0.0
2019-09-20 00:00:00-04:00,64.60298120554013,66.24933652990684,64.47127335379396,64.78173065185547,2741900,0.0,0.0
2019-09-23 00:00:00-04:00,63.94446328616706,65.29918127340825,63.643415642062564,64.17965698242188,990400,0.0,0.0
2019-09-24 00:00:00-04:00,64.44305177806811,64.64061355725086,63.00366797435119,63.869178771972656,1382700,0.0,0.0
2019-09-25 00:00:00-04:00,63.803330751083564,64.45246749815226,63.39879740077907,64.2549057006836,999500,0.0,0.0
2019-09-26 00:00:00-04:00,64.06674486913542,64.09496695698655,62.80611042818403,63.21064376831055,989000,0.0,0.0
2019-09-27 00:00:00-04:00,63.37998449573284,64.17964143375968,62.81551401944071,64.10437774658203,1667600,0.0,0.0
2019-09-30 00:00:00-04:00,64.20786081731758,65.73191811953313,63.963257433064236,65.40264129638672,1387800,0.0,0.0
2019-10-01 00:00:00-04:00,65.8071747521511,66.64446350010114,63.88800104906875,64.2643051147461,1721400,0.0,0.0
2019-10-02 00:00:00-04:00,63.389394105980074,63.474067557833784,62.18520368770416,62.62736892700195,1202800,0.0,0.0
2019-10-03 00:00:00-04:00,62.13816525545895,63.2482795715332,61.056273029002924,63.2482795715332,1122100,0.0,0.0
2019-10-04 00:00:00-04:00,63.07893855494389,63.35175686731887,62.034678195369146,62.39216995239258,974100,0.0,0.0
2019-10-07 00:00:00-04:00,61.97821395684092,62.56149665999095,60.839877811249515,61.790061950683594,1073600,0.0,0.0
2019-10-08 00:00:00-04:00,61.150347697375096,61.150347697375096,59.70155398293244,59.92734146118164,1148000,0.0,0.0
2019-10-09 00:00:00-04:00,60.54824638562349,60.89633552873955,59.05241481198944,59.833255767822266,1144100,0.0,0.0
2019-10-10 00:00:00-04:00,60.21897917898667,61.89355668018675,60.012007635685094,61.583099365234375,1093100,0.0,0.0
2019-10-11 00:00:00-04:00,62.589725620525854,65.19567497513438,62.32630991194588,64.82877349853516,1318400,0.0,0.0
2019-10-14 00:00:00-04:00,64.1890478248589,64.5183174670786,63.37998117395341,63.55872344970703,1194500,0.0,0.0
2019-10-15 00:00:00-04:00,63.878586770231685,64.65943128853807,63.15418642227148,63.850364685058594,803200,0.0,0.0
2019-10-16 00:00:00-04:00,63.84096088893435,64.847589360111,63.46464963724754,63.577545166015625,721600,0.0,0.0
2019-10-17 00:00:00-04:00,64.30195512055926,64.99812645176176,63.73749168505609,64.17965698242188,1062800,0.0,0.0
2019-10-18 00:00:00-04:00,64.18904388587957,64.66883368758303,63.1353739178954,63.1541862487793,908400,0.0,0.0
2019-10-21 00:00:00-04:00,63.88799568613349,64.14200162689774,62.8531380597697,63.25767135620117,1153100,0.0,0.0
2019-10-22 00:00:00-04:00,63.25765797654301,63.85035034219787,61.0374301928284,62.834312438964844,1271000,0.0,0.0
2019-10-23 00:00:00-04:00,63.3988143238578,64.12321495214786,62.97546852735537,63.46466827392578,766400,0.0,0.0
2019-10-24 00:00:00-04:00,64.13258669543099,65.55315799531702,64.0291009411489,65.33677673339844,1374200,0.0,0.0
2019-10-25 00:00:00-04:00,60.0120005095295,61.6113141364286,58.79840065863066,59.82384490966797,5988000,0.0,0.0
2019-10-28 00:00:00-04:00,59.033593767907576,60.7552126474137,58.88307000703023,59.964962005615234,2780700,0.0,0.0
2019-10-29 00:00:00-04:00,59.69213946355554,60.66113958568688,59.033596631978725,59.29701232910156,2192200,0.0,0.0
2019-10-30 00:00:00-04:00,59.1370891535824,59.68273652980246,58.15868275421594,58.95833969116211,2227400,0.0,0.0
2019-10-31 00:00:00-04:00,58.61965860792641,58.798404465544536,56.63462389896646,57.142642974853516,2912300,0.0,0.0
2019-11-01 00:00:00-04:00,57.81999453432183,60.679949609793546,57.50013109050237,60.67053985595703,2339900,0.0,0.0
2019-11-04 00:00:00-05:00,61.30086881468574,63.746881037259655,61.24441746492609,63.6904296875,2246900,0.0,0.0
2019-11-05 00:00:00-05:00,64.32075264328354,64.59357809896034,62.78728567439463,63.37997817993164,2004600,0.0,0.0
2019-11-06 00:00:00-05:00,62.83433996158526,63.812746462421416,62.29809869625151,62.76848602294922,2319200,0.0,0.0
2019-11-07 00:00:00-05:00,63.63399112633208,67.99918454223062,63.03189597776265,67.16189575195312,3003500,0.0,0.0
2019-11-08 00:00:00-05:00,65.36499976035407,65.45907575231081,62.28866386284816,63.95383834838867,3410000,0.0,0.0
2019-11-11 00:00:00-05:00,63.492863603912305,63.869174807466514,62.67439445203656,63.71865463256836,1164300,0.0,0.0
2019-11-12 00:00:00-05:00,63.03188569528774,63.83154251113803,61.13152453841271,61.44197463989258,1820100,0.0,0.0
2019-11-13 00:00:00-05:00,59.94614568809262,61.59250088182223,59.61687249608499,61.31967544555664,1554000,0.0,0.0
2019-11-14 00:00:00-05:00,60.557662615235365,61.70540157970415,60.23779552404141,61.65836715698242,1079200,0.0,0.0
2019-11-15 00:00:00-05:00,62.18519606822419,63.379983761319004,61.73362830547133,62.22282791137695,1028800,0.0,0.0
2019-11-18 00:00:00-05:00,62.20401768079252,63.37057614779216,61.37613145853306,63.125972747802734,1190100,0.0,0.0
2019-11-19 00:00:00-05:00,63.74687820653931,63.74687820653931,61.58309411868906,62.523868560791016,926100,0.0,0.0
2019-11-20 00:00:00-05:00,61.818295169510186,62.59913977304476,60.905742702432455,61.1973876953125,1496800,0.0,0.0
2019-11-21 00:00:00-05:00,61.42316376850595,62.316896611410286,60.708173187658886,61.27263641357422,1386700,0.0,0.0
2019-11-22 00:00:00-05:00,60.31304652819658,61.58309051521088,59.97436717465423,61.05625915527344,1147000,0.0,0.0
2019-11-25 00:00:00-05:00,61.25383281243617,61.997045583865486,60.8304871270523,61.28205490112305,1086300,0.0,0.0
2019-11-26 00:00:00-05:00,61.291474010514584,61.884159496012614,60.510629275820904,61.70541000366211,1417100,0.0,0.0
2019-11-27 00:00:00-05:00,61.83710499632373,62.034666760700205,60.905733164570044,61.620723724365234,930000,0.0,0.0
2019-11-29 00:00:00-05:00,61.451387402733296,61.949996717823794,61.07507618345421,61.50783157348633,440500,0.0,0.0
2019-12-02 00:00:00-05:00,61.78065450912429,62.8625465288638,61.122115285390265,61.18796920776367,1128200,0.0,0.0
2019-12-03 00:00:00-05:00,59.889708595779574,60.087270392898546,58.43150873945315,59.88030242919922,1559200,0.0,0.0
2019-12-04 00:00:00-05:00,60.397713488167355,61.329085310132406,59.16530132344512,59.19352340698242,1550100,0.0,0.0
2019-12-05 00:00:00-05:00,59.52280613808167,60.18134904004938,58.901895079373844,59.90852355957031,1379600,0.0,0.0
2019-12-06 00:00:00-05:00,60.48239627512529,61.05626932097931,59.85207546469265,60.49180603027344,1195900,0.0,0.0
2019-12-09 00:00:00-05:00,60.44476338208979,61.62073154127441,60.20956975025286,60.88692855834961,908900,0.0,0.0
2019-12-10 00:00:00-05:00,60.783438550383096,61.639539578290425,60.31305131948865,61.43257522583008,1020600,0.0,0.0
2019-12-11 00:00:00-05:00,61.47020521471884,62.147564034309156,61.15975507035674,61.780662536621094,1034600,0.0,0.0
2019-12-12 00:00:00-05:00,62.157192808803394,64.5223829037805,62.06258664860178,64.35208892822266,1771700,0.368,0.0
2019-12-13 00:00:00-05:00,64.58862430190622,64.7494627547851,62.74377844760853,63.03705978393555,1536000,0.0,0.0
2019-12-16 00:00:00-05:00,63.91690170715478,64.22910856566466,62.441025238545365,62.6302375793457,1431800,0.0,0.0
2019-12-17 00:00:00-05:00,62.724858483950854,65.24141756449355,62.441032720751835,65.06166076660156,1525600,0.0,0.0
2019-12-18 00:00:00-05:00,65.18464660644531,65.79013475040283,64.88190253446656,65.18464660644531,1382100,0.0,0.0
2019-12-19 00:00:00-05:00,65.27923244662445,66.64158395526597,64.59805669230369,65.70496368408203,1945900,0.0,0.0
2019-12-20 00:00:00-05:00,66.5753654902542,67.16192794467922,65.81850186249653,66.56590270996094,2492200,0.0,0.0
2019-12-23 00:00:00-05:00,66.56591476018109,68.74189267040501,65.91311994351635,68.5242919921875,2011200,0.0,0.0
2019-12-24 00:00:00-05:00,68.50535474118007,69.0256921201262,68.14584130403225,68.42020416259766,640700,0.0,0.0
2019-12-26 00:00:00-05:00,68.42968626436912,68.59051746956689,67.83365369994894,68.5810546875,730300,0.0,0.0
2019-12-27 00:00:00-05:00,68.64726767131648,68.99731836644266,67.94717349905072,68.1269302368164,741600,0.0,0.0
2019-12-30 00:00:00-05:00,68.21208547740558,68.92164255356026,67.83365359319218,68.05125427246094,802200,0.0,0.0
2019-12-31 00:00:00-05:00,67.74850563081603,69.40413869663658,67.64443668923974,69.10139465332031,1016000,0.0,0.0
2020-01-02 00:00:00-05:00,69.5365948775777,69.8961012049997,68.29723746910763,68.69458770751953,1620800,0.0,0.0
2020-01-03 00:00:00-05:00,67.55931726364831,68.48646806715627,67.37956044301333,67.71068572998047,1337600,0.0,0.0
2020-01-06 00:00:00-05:00,67.1714115511534,68.27831899510159,66.40509212349522,67.6349868774414,1330000,0.0,0.0
2020-01-07 00:00:00-05:00,67.78635379142969,69.5271303452186,67.29439017893262,68.5242919921875,1574400,0.0,0.0
2020-01-08 00:00:00-05:00,66.79296425038756,67.64443409518307,65.85635103010601,67.34169006347656,2029500,0.0,0.0
2020-01-09 00:00:00-05:00,67.4741621775321,69.12979572094125,66.91598061896052,68.81758880615234,1301100,0.0,0.0
2020-01-10 00:00:00-05:00,69.07301458117881,69.84879665513999,67.97556289616728,68.21208190917969,1493300,0.0,0.0
2020-01-13 00:00:00-05:00,69.01625533129975,71.90179060460085,68.95949306952613,71.76934051513672,2668000,0.0,0.0
2020-01-14 00:00:00-05:00,72.10992501804904,74.61702824906997,71.52335520893088,73.9642333984375,3835800,0.0,0.0
2020-01-15 00:00:00-05:00,74.64541507017965,76.56594863852023,73.79394503008096,75.79962921142578,3101800,0.0,0.0
2020-01-16 00:00:00-05:00,76.02666518101306,77.10519120447101,74.27642608806721,76.08342742919922,2178700,0.0,0.0
2020-01-17 00:00:00-05:00,76.61323205727416,76.91597606643116,75.47793660944554,76.53754425048828,2151400,0.0,0.0
2020-01-21 00:00:00-05:00,76.43348684179831,77.02951216960885,76.23481173252813,76.93490600585938,2312700,0.0,0.0
2020-01-22 00:00:00-05:00,76.80247159387952,77.5404099267818,76.41457686002677,76.99168395996094,2138400,0.0,0.0
2020-01-23 00:00:00-05:00,75.99830322604835,77.67285493179531,75.2225210272183,77.483642578125,1654700,0.0,0.0
2020-01-24 00:00:00-05:00,77.57825725946097,77.70124458103027,76.0456110419564,76.80247497558594,1409600,0.0,0.0
2020-01-27 00:00:00-05:00,74.38995432550438,75.36441868228903,73.80339181678436,74.68324279785156,2060800,0.0,0.0
2020-01-28 00:00:00-05:00,75.40226709558813,76.84030690144866,75.22251753334677,75.87530517578125,1130900,0.0,0.0
2020-01-29 00:00:00-05:00,76.47133804533235,77.20927629815125,75.44011127353,76.3767318725586,1084500,0.0,0.0
2020-01-30 00:00:00-05:00,75.77123923228378,76.61325368904323,75.09952599787039,76.42403411865234,1261400,0.0,0.0
2020-01-31 00:00:00-05:00,75.49686869614068,76.02666895346512,74.47510487016886,75.95098114013672,5676000,0.0,0.0
2020-02-03 00:00:00-05:00,76.43347930908203,76.89705451835925,75.42117829895354,76.43347930908203,2220200,0.0,0.0
2020-02-04 00:00:00-05:00,78.05127416287792,86.97277160742698,77.9755863465242,85.55365753173828,4739800,0.0,0.0
2020-02-05 00:00:00-05:00,83.97370792225708,84.20076414160253,80.93680482330828,82.85733795166016,3418600,0.0,0.0
2020-02-06 00:00:00-05:00,82.84789185910208,83.2452421274938,80.92735834388685,82.26132202148438,1849600,0.0,0.0
2020-02-07 00:00:00-05:00,80.90842948266294,81.0976490441822,77.6728507695599,78.08912658691406,2337700,0.0,0.0
2020-02-10 00:00:00-05:00,78.62837604977409,80.13263340815818,78.62837604977409,78.76082611083984,1553700,0.0,0.0
2020-02-11 00:00:00-05:00,79.252791263913,80.7854371355475,78.77029765264751,80.14210510253906,1311100,0.0,0.0
2020-02-12 00:00:00-05:00,82.3275461972411,83.33984742345235,81.4571578419543,82.14779663085938,1311800,0.0,0.0
2020-02-13 00:00:00-05:00,81.30577212242915,83.88855550866224,80.51106454498186,83.18846130371094,1725100,0.0,0.0
2020-02-14 00:00:00-05:00,83.76559198337814,85.65774448207296,83.71828528371519,84.8062744140625,2105500,0.0,0.0
2020-02-18 00:00:00-05:00,84.00211228697563,84.74951340116277,82.01535357758645,83.91696166992188,1448800,0.0,0.0
2020-02-19 00:00:00-05:00,84.20076042880376,85.8090866733952,83.90747919099852,84.52242279052734,2041200,0.0,0.0
2020-02-20 00:00:00-05:00,84.20077216172926,94.03996495905697,83.58582125852357,89.22443389892578,4973600,0.0,0.0
2020-02-21 00:00:00-05:00,87.18091588137858,88.28782320920475,85.58204492919323,87.44581604003906,2263400,0.0,0.0
2020-02-24 00:00:00-05:00,83.13170745525221,85.64826606583429,82.50729378001758,84.77787780761719,1682200,0.0,0.0
2020-02-25 00:00:00-05:00,85.5158263118427,86.2537645858133,81.05980831918379,81.20172119140625,2195600,0.0,0.0
2020-02-26 00:00:00-05:00,80.59621612680733,83.0465494832343,79.76366463373061,81.03141021728516,1583900,0.0,0.0
2020-02-27 00:00:00-05:00,78.62837289622146,80.35969361955466,76.38617029298733,76.44293975830078,2530000,0.0,0.0
2020-02-28 00:00:00-05:00,73.89799530313636,77.57823028430657,72.5356435835098,77.43631744384766,2580200,0.0,0.0
2020-03-02 00:00:00-05:00,78.04183131697232,79.75423431396484,75.82801625801714,79.75423431396484,1661200,0.0,0.0
2020-03-03 00:00:00-05:00,79.1960337738172,80.64352913069591,76.51863653282567,78.32564544677734,1932300,0.0,0.0
2020-03-04 00:00:00-05:00,80.47322975641262,81.71259434024599,78.77975269229452,81.61798095703125,1198000,0.0,0.0
2020-03-05 00:00:00-05:00,79.30953853795907,82.10045934844634,79.00679456116728,80.19884490966797,1490200,0.0,0.0
2020-03-06 00:00:00-05:00,77.91883302512528,79.43255343578089,76.29158087692491,78.14588928222656,1490700,0.0,0.0
2020-03-09 00:00:00-04:00,71.42876889323479,72.23293239744139,65.83745385033437,69.0257339477539,2627400,0.0,0.0
2020-03-10 00:00:00-04:00,72.95193981645193,73.44389628784955,68.32562755666147,71.1354751586914,2771400,0.0,0.0
2020-03-11 00:00:00-04:00,69.4230751321737,69.4230751321737,65.33602587338157,66.29156494140625,2059300,0.0,0.0
2020-03-12 00:00:00-04:00,60.85484632776796,65.22132305837887,57.62041508776081,61.63491439819336,2619400,0.385,0.0
2020-03-13 00:00:00-04:00,66.07750658653379,66.38192326118305,59.09494230751689,64.6981201171875,2067800,0.0,0.0
2020-03-16 00:00:00-04:00,58.35293536841353,59.95112495079001,56.06029492198223,56.08883285522461,2388300,0.0,0.0
2020-03-17 00:00:00-04:00,57.35404115769785,64.93592490454952,54.51915952227022,63.79435729980469,3062400,0.0,0.0
2020-03-18 00:00:00-04:00,59.370829054660994,65.74456084339887,55.76538926900278,65.29744720458984,2762300,0.0,0.0
2020-03-19 00:00:00-04:00,63.309217060095456,64.52688372935376,57.31600530362411,58.9237060546875,2016200,0.0,0.0
2020-03-20 00:00:00-04:00,59.62768011010966,60.32213095524471,50.438092076274984,50.84715270996094,2963600,0.0,0.0
2020-03-23 00:00:00-04:00,49.82924588143629,51.73185164185383,46.5091972327774,48.42131805419922,2507500,0.0,0.0
2020-03-24 00:00:00-04:00,51.26571819876562,55.05190371137293,50.466623531903124,53.30150604248047,1839500,0.0,0.0
2020-03-25 00:00:00-04:00,53.643975232588616,60.75020975658412,52.68316080570942,57.097206115722656,2295600,0.0,0.0
2020-03-26 00:00:00-04:00,57.078186657190706,57.76312605833567,54.41453867230848,57.515785217285156,2245100,0.0,0.0
2020-03-27 00:00:00-04:00,55.175577090822586,55.175577090822586,52.08384216762994,52.340694427490234,2439600,0.0,0.0
2020-03-30 00:00:00-04:00,52.90195967266543,53.73910731708874,51.855524209903066,52.8924446105957,2045800,0.0,0.0
2020-03-31 00:00:00-04:00,52.816348047855165,54.91872700802369,52.426313925702026,53.62495422363281,2585900,0.0,0.0
2020-04-01 00:00:00-04:00,51.61770655068771,54.26233173583064,51.00887312441792,52.169464111328125,2253900,0.0,0.0
2020-04-02 00:00:00-04:00,52.20751944462245,56.136398958426376,50.371504020068585,51.04692840576172,1911400,0.0,0.0
2020-04-03 00:00:00-04:00,51.018379040144495,52.68315922925648,50.12415193033305,50.1336669921875,1749700,0.0,0.0
2020-04-06 00:00:00-04:00,52.44533582362889,54.87115776715474,51.82698741713291,54.15768051147461,1725800,0.0,0.0
2020-04-07 00:00:00-04:00,55.47048978442418,57.41114551546113,53.73911828550933,54.224281311035156,1952000,0.0,0.0
2020-04-08 00:00:00-04:00,54.80457358506197,59.38985435500359,54.528694808002946,58.8095588684082,1706000,0.0,0.0
2020-04-09 00:00:00-04:00,59.3137449860218,63.96561641950379,59.14251014304047,63.75632858276367,1775400,0.0,0.0
2020-04-13 00:00:00-04:00,63.52800441852708,64.07024676343977,58.66684617822877,60.226985931396484,1678600,0.0,0.0
2020-04-14 00:00:00-04:00,61.596869603009104,62.633786395175996,60.16991509483129,60.578975677490234,1068400,0.0,0.0
2020-04-15 00:00:00-04:00,58.448061998305015,58.714429337811126,55.04239873836305,55.41340637207031,1335900,0.0,0.0
2020-04-16 00:00:00-04:00,55.42292155167558,56.050781503977014,53.938890916563274,55.71782684326172,1618100,0.0,0.0
2020-04-17 00:00:00-04:00,57.629933979659704,59.732312610952164,57.55382800239692,58.476593017578125,1011000,0.0,0.0
2020-04-20 00:00:00-04:00,57.078189849853516,58.676379455964096,56.6025382677714,57.078189849853516,1270600,0.0,0.0
2020-04-21 00:00:00-04:00,55.65123379017398,56.355199711771874,54.89970343727717,55.04240036010742,1381600,0.0,0.0
2020-04-22 00:00:00-04:00,56.08882210727783,57.15428404398342,55.74635245826052,56.554962158203125,684800,0.0,0.0
2020-04-23 00:00:00-04:00,57.71554704658747,59.218607418535996,57.325512990273296,57.70603561401367,816500,0.0,0.0
2020-04-24 00:00:00-04:00,58.13412302664813,58.942729071051424,56.77375953722033,58.533668518066406,1027100,0.0,0.0
2020-04-27 00:00:00-04:00,58.8095558725693,59.77037401160648,58.64783609152471,59.2186164855957,736800,0.0,0.0
2020-04-28 00:00:00-04:00,60.883382131722435,62.50059406645042,60.16990499736631,61.17828369140625,1087700,0.0,0.0
2020-04-29 00:00:00-04:00,60.94047554279991,63.13799068528146,60.94047554279991,61.52077102661133,1447900,0.0,0.0
2020-04-30 00:00:00-04:00,60.693140308221665,61.02609858843292,58.13413613843895,58.43855285644531,2007200,0.0,0.0
2020-05-01 00:00:00-04:00,57.55383375424064,57.55383375424064,54.167193635178506,54.642845153808594,1924900,0.0,0.0
2020-05-04 00:00:00-04:00,54.05303520216007,55.00433818513217,53.035141300694555,54.47160720825195,1275400,0.0,0.0
2020-05-05 00:00:00-04:00,55.52755200668915,57.40161997375364,55.470476152379526,55.622684478759766,1109000,0.0,0.0
2020-05-06 00:00:00-04:00,56.28859575269966,57.30649328295572,54.985311682311355,55.10898208618164,1885300,0.0,0.0
2020-05-07 00:00:00-04:00,56.98305321951679,58.847606296238446,54.59528057066087,56.83084487915039,2206600,0.0,0.0
2020-05-08 00:00:00-04:00,57.67749648536886,61.35903773326354,57.26843594349916,61.121212005615234,1514500,0.0,0.0
2020-05-11 00:00:00-04:00,60.08429748862892,62.51963448127805,59.817933809205705,61.27342987060547,1471300,0.0,0.0
2020-05-12 00:00:00-04:00,59.93209709930437,60.60752144963822,56.13639601961771,56.37422180175781,1881900,0.0,0.0
2020-05-13 00:00:00-04:00,56.145897140189625,57.36356368110063,54.956768524789815,57.00206756591797,1770000,0.0,0.0
2020-05-14 00:00:00-04:00,56.1268865693905,56.86890187464235,53.43469687849603,56.802310943603516,1333300,0.0,0.0
2020-05-15 00:00:00-04:00,56.60253278494546,58.61929428151784,56.52642679729624,58.36244201660156,1428000,0.0,0.0
2020-05-18 00:00:00-04:00,60.88339771915355,62.13911750679643,60.16992040213222,60.81680679321289,1288900,0.0,0.0
2020-05-19 00:00:00-04:00,60.71216065495666,62.11057730649338,59.93209244049033,60.41725540161133,1329900,0.0,0.0
2020-05-20 00:00:00-04:00,62.01544406379258,65.2688985384282,61.844209235766186,64.82178497314453,1641500,0.0,0.0
2020-05-21 00:00:00-04:00,64.51737541128206,66.39144366384336,64.12734491763966,64.66007232666016,1428300,0.0,0.0
2020-05-22 00:00:00-04:00,64.49834941588259,65.08815265931273,63.61363729287111,64.79325103759766,825400,0.0,0.0
2020-05-26 00:00:00-04:00,67.21907485827329,72.06120374495035,67.07637795373978,71.28113555908203,2391600,0.0,0.0
2020-05-27 00:00:00-04:00,72.67004574171072,75.2766142936579,70.43448483096576,71.38578796386719,1592500,0.0,0.0
2020-05-28 00:00:00-04:00,72.75566437198123,74.61070251614252,71.87095219756584,72.2324447631836,1408600,0.0,0.0
2020-05-29 00:00:00-04:00,71.77582231431626,73.55476188084836,70.72939026371331,72.79371643066406,1589800,0.0,0.0
2020-06-01 00:00:00-04:00,72.92690948139524,74.77243282200895,72.79372035125236,73.64989471435547,1061900,0.0,0.0
2020-06-02 00:00:00-04:00,74.50606028585754,75.5715223962038,73.27887838652661,74.76290893554688,1268300,0.0,0.0
2020-06-03 00:00:00-04:00,75.75224210400164,77.01747661586765,75.01022705429516,75.0958480834961,1685100,0.0,0.0
2020-06-04 00:00:00-04:00,74.20162341912116,76.10422914781658,73.94477483920782,76.07569122314453,1493700,0.0,0.0
2020-06-05 00:00:00-04:00,77.74048944976217,80.83222448326237,76.84626222524788,80.20436096191406,1950000,0.0,0.0
2020-06-08 00:00:00-04:00,80.49927141881943,82.67775640186117,80.14728665687119,82.51602935791016,1304100,0.0,0.0
2020-06-09 00:00:00-04:00,80.8607406616211,81.8120434929343,79.97602873818525,80.8607406616211,962300,0.0,0.0
2020-06-10 00:00:00-04:00,81.16518500134816,81.43154872384079,79.62407127538317,79.77628326416016,957900,0.0,0.0
2020-06-11 00:00:00-04:00,75.45176510255995,76.49347158108425,70.74021045581902,71.21805572509766,1656600,0.385,0.0
2020-06-12 00:00:00-04:00,74.54386709460479,75.18417804921361,72.0208444839408,73.89399719238281,1219900,0.0,0.0
2020-06-15 00:00:00-04:00,70.89313666260617,74.2762826272567,70.72111204435812,73.02433013916016,1134900,0.0,0.0
2020-06-16 00:00:00-04:00,76.23542679719817,76.7515005341736,73.83664892907984,75.7193603515625,1060000,0.0,0.0
2020-06-17 00:00:00-04:00,75.73847481490262,76.74195279207775,75.32752759365395,75.66201782226562,727000,0.0,0.0
2020-06-18 00:00:00-04:00,74.78277832334152,76.0251788350255,74.1042389732598,75.31796264648438,863700,0.0,0.0
2020-06-19 00:00:00-04:00,76.66549316616918,77.38226104200646,74.19025097678106,74.87834930419922,1243100,0.0,0.0
2020-06-22 00:00:00-04:00,72.16420032388436,73.52127924620305,71.35186476003672,72.42223358154297,1023200,0.0,0.0
2020-06-23 00:00:00-04:00,73.43526058674759,73.78886872584201,72.64204294763707,72.7471694946289,781700,0.0,0.0
2020-06-24 00:00:00-04:00,72.06861714145417,72.07816879576657,69.18242802717221,70.07122039794922,965600,0.0,0.0
2020-06-25 00:00:00-04:00,70.01389539965842,70.93135750072484,69.37357715622048,70.6733169555664,727200,0.0,0.0
2020-06-26 00:00:00-04:00,71.60989191315959,72.47001485093323,69.95654408325359,71.3327407836914,1652200,0.0,0.0
2020-06-29 00:00:00-04:00,72.603826726655,73.94179522170175,71.705475097303,72.9478759765625,843100,0.0,0.0
2020-06-30 00:00:00-04:00,72.45091093228304,74.12336968725792,72.3840128737377,73.78887939453125,1033100,0.0,0.0
2020-07-01 00:00:00-04:00,73.54039104249964,74.22848946253205,71.93483049287094,72.68982696533203,891600,0.0,0.0
2020-07-02 00:00:00-04:00,74.22846905463021,76.11118024422584,74.19979951023456,75.07903289794922,886000,0.0,0.0
2020-07-06 00:00:00-04:00,76.45523418539823,77.69763465744668,75.87226244142742,77.62117767333984,1045200,0.0,0.0
2020-07-07 00:00:00-04:00,76.70373188041133,76.8757564851847,74.18070920462905,74.54386901855469,1281300,0.0,0.0
2020-07-08 00:00:00-04:00,74.47696788762201,76.20676552037152,73.06254260780337,74.49607849121094,1351200,0.0,0.0
2020-07-09 00:00:00-04:00,74.72544969373041,74.72544969373041,71.46654127638713,72.39356231689453,1154300,0.0,0.0
2020-07-10 00:00:00-04:00,72.6324941224939,75.53779476235464,72.00173475263885,75.39443969726562,1071800,0.0,0.0
2020-07-13 00:00:00-04:00,76.74196384872204,80.71763325122079,76.59860878970875,77.94612884521484,2213100,0.0,0.0
2020-07-14 00:00:00-04:00,77.94611404028574,80.62205032913457,77.3344727099214,80.42135620117188,1353700,0.0,0.0
2020-07-15 00:00:00-04:00,82.0747113111404,82.98262181355595,81.37706121202201,82.76280975341797,1385100,0.0,0.0
2020-07-16 00:00:00-04:00,82.48563447192518,82.92525117233666,81.6541885067,82.61943054199219,852600,0.0,0.0
2020-07-17 00:00:00-04:00,83.14507510330861,85.64898688647456,83.0781770586722,84.5403823852539,1360300,0.0,0.0
2020-07-20 00:00:00-04:00,84.81754930772273,85.21893765029932,82.81060030349842,83.18331909179688,816800,0.0,0.0
2020-07-21 00:00:00-04:00,83.68982691104962,84.2250113225221,83.17375310369795,83.31710815429688,821300,0.0,0.0
2020-07-22 00:00:00-04:00,83.33623354822684,84.47350791578049,82.829718598714,83.80452728271484,726100,0.0,0.0
2020-07-23 00:00:00-04:00,83.87139363081181,85.44828428828478,83.11639732108016,84.03385925292969,756600,0.0,0.0
2020-07-24 00:00:00-04:00,83.1450905889789,84.02432427976802,82.38053511530232,83.18331909179688,586000,0.0,0.0
2020-07-27 00:00:00-04:00,81.73065962948944,82.29452089379107,80.13465802418528,81.97914123535156,1164900,0.0,0.0
2020-07-28 00:00:00-04:00,81.52042110034687,81.98870751023745,79.90530145491782,79.9913101196289,883600,0.0,0.0
2020-07-29 00:00:00-04:00,80.84185910989923,80.84185910989923,78.32839561983167,80.11553955078125,1161800,0.0,0.0
2020-07-30 00:00:00-04:00,78.81581176496503,80.17289078440966,77.45873274552041,79.32232666015625,900600,0.0,0.0
2020-07-31 00:00:00-04:00,78.94959894092415,79.28408918372331,76.9330912454686,78.80624389648438,2397900,0.0,0.0
2020-08-03 00:00:00-04:00,79.30322787018731,80.18246167930393,78.45265632786484,79.6377182006836,1124700,0.0,0.0
2020-08-04 00:00:00-04:00,79.42744561599302,83.18330993097062,78.7393472237314,81.54907989501953,1634100,0.0,0.0
2020-08-05 00:00:00-04:00,82.94438155971017,85.27626877450125,82.4187488542974,84.67417907714844,2177700,0.0,0.0
2020-08-06 00:00:00-04:00,82.80104492391834,83.91920133700943,78.67246122906215,79.64726257324219,2453400,0.0,0.0
2020-08-07 00:00:00-04:00,79.32230504566432,82.59076453979316,78.98781485614926,80.69850158691406,1236300,0.0,0.0
2020-08-10 00:00:00-04:00,81.66377000357427,83.4126857902874,81.39617776565258,83.3553466796875,810900,0.0,0.0
2020-08-11 00:00:00-04:00,84.70284685132606,88.6689639061896,84.57860971053194,88.35358428955078,1931300,0.0,0.0
2020-08-12 00:00:00-04:00,89.08947739466247,89.73934728334541,86.21284669564855,86.98695373535156,1070700,0.0,0.0
2020-08-13 00:00:00-04:00,86.40399288032592,88.057333577932,85.62987851619502,87.541259765625,1008000,0.0,0.0
2020-08-14 00:00:00-04:00,87.273668333161,88.49695117705633,86.93917806980538,88.29625701904297,838200,0.0,0.0
2020-08-17 00:00:00-04:00,88.61162279751576,89.14680713505176,87.31188315663712,87.7037124633789,604500,0.0,0.0
2020-08-18 00:00:00-04:00,87.91396042610558,88.89832040028605,87.30231913552082,88.11465454101562,557400,0.0,0.0
2020-08-19 00:00:00-04:00,88.40136768372078,89.41439723962448,87.6941587838261,88.16244506835938,760800,0.0,0.0
2020-08-20 00:00:00-04:00,87.03474323333266,87.6655025334012,85.62987687530791,87.01563262939453,940900,0.0,0.0
2020-08-21 00:00:00-04:00,86.48044751374908,87.23544402523017,85.1711559497865,85.76367950439453,885200,0.0,0.0
2020-08-24 00:00:00-04:00,86.72892390205942,87.92353717894729,85.63943717684494,87.90442657470703,668900,0.0,0.0
2020-08-25 00:00:00-04:00,87.97133302601996,88.63075465971158,86.67159307336014,87.05386352539062,420500,0.0,0.0
2020-08-26 00:00:00-04:00,88.04776188202926,88.28668450361536,87.27365492131901,87.82795715332031,653200,0.0,0.0
2020-08-27 00:00:00-04:00,88.0859982319948,88.72630916502725,86.04082099213504,87.09207916259766,474500,0.0,0.0
2020-08-28 00:00:00-04:00,87.09208072460011,88.27714230437034,86.46132872754613,88.22935485839844,412000,0.0,0.0
2020-08-31 00:00:00-04:00,88.21025893171603,89.27107624500006,86.88184937568319,86.9774169921875,718500,0.0,0.0
2020-09-01 00:00:00-04:00,87.06341941373105,93.11294316277211,86.05038962704457,93.07471466064453,1561100,0.0,0.0
2020-09-02 00:00:00-04:00,92.70199171982934,95.38748007456644,92.46306906075762,95.23457336425781,1311100,0.0,0.0
2020-09-03 00:00:00-04:00,94.47000227291372,95.19632907762185,87.67504239240168,89.05123901367188,1731400,0.0,0.0
2020-09-04 00:00:00-04:00,88.9174648230115,91.30669160579446,86.74804282109334,90.52302551269531,1100800,0.0,0.0
2020-09-08 00:00:00-04:00,88.87922727355385,90.79060850524318,88.03822215649322,89.01302337646484,835700,0.0,0.0
2020-09-09 00:00:00-04:00,90.16940508084754,92.46306393915674,89.86358438582901,91.1919937133789,643900,0.0,0.0
2020-09-10 00:00:00-04:00,91.37355526346329,92.1858906055107,89.34748908956,89.35704803466797,667800,0.0,0.0
2020-09-11 00:00:00-04:00,90.44656726813031,91.82276420941187,89.64379057994367,90.75238800048828,650900,0.0,0.0
2020-09-14 00:00:00-04:00,91.62204574211438,94.33620311066551,90.93394745393537,93.82012939453125,671800,0.0,0.0
2020-09-15 00:00:00-04:00,94.61336734445426,95.86531967002566,93.97305640628724,94.0303955078125,1192300,0.0,0.0
2020-09-16 00:00:00-04:00,94.6133554809397,95.17720935214473,93.37095496717942,93.4665298461914,998300,0.0,0.0
2020-09-17 00:00:00-04:00,92.37753902987497,96.87744440040117,91.64834160681148,96.3785171508789,937100,0.385,0.0
2020-09-18 00:00:00-04:00,96.31136628265503,96.90623889927369,93.19309621906454,93.98945617675781,1337200,0.0,0.0
2020-09-21 00:00:00-04:00,92.4830859484696,92.4830859484696,86.85100822290215,91.27415466308594,1406500,0.0,0.0
2020-09-22 00:00:00-04:00,90.87116783446216,91.66752763196791,89.16331682208533,91.37968444824219,656600,0.0,0.0
2020-09-23 00:00:00-04:00,85.37344147276849,85.72843984645596,76.90133969610291,77.16039276123047,5194900,0.0,0.0
2020-09-24 00:00:00-04:00,76.82457718012131,82.13043230245536,75.85551276944739,79.9332504272461,2368200,0.0,0.0
2020-09-25 00:00:00-04:00,79.61662643916122,81.79461471872023,79.19445834332403,81.09420013427734,1197800,0.0,0.0
2020-09-28 00:00:00-04:00,82.65812967869174,83.85746409852139,80.4801342729935,81.4012222290039,1433100,0.0,0.0
2020-09-29 00:00:00-04:00,81.50676139620035,84.07813459529292,81.34365367763905,83.33934783935547,1252900,0.0,0.0
2020-09-30 00:00:00-04:00,83.86706286144394,86.47680847347722,83.68476168274998,85.66126251220703,1369100,0.0,0.0
2020-10-01 00:00:00-04:00,86.36168275777983,87.2827707970347,82.96516649543919,83.21463012695312,1371800,0.0,0.0
2020-10-02 00:00:00-04:00,81.97691160631567,87.3883081209864,81.14217218431345,85.67086029052734,1204200,0.0,0.0
2020-10-05 00:00:00-04:00,87.5610073777403,92.00333933232723,87.44586864080347,90.91914367675781,1598300,0.0,0.0
2020-10-06 00:00:00-04:00,92.3775393036742,93.03957428974384,89.72940667955248,89.94049072265625,1381400,0.0,0.0
2020-10-07 00:00:00-04:00,92.10888484751311,94.01822322335421,91.72509636328384,92.77091979980469,1129100,0.0,0.0
2020-10-08 00:00:00-04:00,94.1429684560402,94.38283536854729,92.07051481830344,93.0203857421875,1133500,0.0,0.0
2020-10-09 00:00:00-04:00,94.1237778566624,95.11202839492054,91.782681697341,92.13768005371094,767800,0.0,0.0
2020-10-12 00:00:00-04:00,92.80929027670985,92.80929027670985,90.81359621059768,91.09184265136719,798100,0.0,0.0
2020-10-13 00:00:00-04:00,90.52574941466442,91.71548696321466,90.10358872849493,91.28372955322266,863900,0.0,0.0
2020-10-14 00:00:00-04:00,89.00020726173265,91.47562784596889,88.12708832392016,90.75602722167969,1070500,0.0,0.0
2020-10-15 00:00:00-04:00,89.22088797443138,90.90955296033047,88.07912653501083,90.52576446533203,923200,0.0,0.0
2020-10-16 00:00:00-04:00,91.2741574771703,91.94578924316049,89.61428249525909,89.63346862792969,655600,0.0,0.0
2020-10-19 00:00:00-04:00,89.5566960202948,90.67927859727062,88.48209706818987,88.81790924072266,641400,0.0,0.0
2020-10-20 00:00:00-04:00,89.7006216811008,91.36050380938431,89.02899730558532,89.76778411865234,740600,0.0,0.0
2020-10-21 00:00:00-04:00,91.40847496126763,93.34660361107416,90.7656334265966,91.98416137695312,793400,0.0,0.0
2020-10-22 00:00:00-04:00,91.70592608619472,92.21444280463844,89.95009840842441,91.11105346679688,669300,0.0,0.0
2020-10-23 00:00:00-04:00,91.9841441492906,93.50009710889071,91.4852169918279,92.56941986083984,669200,0.0,0.0
2020-10-26 00:00:00-04:00,90.93834096334017,90.93834096334017,89.07697141535016,90.65050506591797,952300,0.0,0.0
2020-10-27 00:00:00-04:00,91.47563166628221,92.94362315007129,90.90954933187489,91.3221206665039,987800,0.0,0.0
2020-10-28 00:00:00-04:00,88.5684480617784,90.03643225636928,86.41924277846294,87.1004638671875,982100,0.0,0.0
2020-10-29 00:00:00-04:00,86.83181313621175,90.73684576566386,86.57276011899467,89.96926879882812,819600,0.0,0.0
2020-10-30 00:00:00-04:00,89.17292328085351,90.24752233439729,87.17722886690501,89.43197631835938,1275000,0.0,0.0
2020-11-02 00:00:00-05:00,90.89994523473617,93.88388962501847,89.98845407455528,92.91482543945312,924900,0.0,0.0
2020-11-03 00:00:00-05:00,92.8284914385019,94.29647571328101,92.43510620400191,93.6632308959961,971900,0.0,0.0
2020-11-04 00:00:00-05:00,93.56728573752765,93.56728573752765,89.32644031228882,89.64306640625,1656900,0.0,0.0
2020-11-05 00:00:00-05:00,92.15687228664999,102.0201987261096,89.2304929760395,101.22383880615234,3231500,0.0,0.0
2020-11-06 00:00:00-05:00,100.5809832687113,108.73645730143977,98.6332653474141,107.67144775390625,2609200,0.0,0.0
2020-11-09 00:00:00-05:00,110.29079873350206,115.91327950821221,110.14688444826844,111.9986572265625,2138400,0.0,0.0
2020-11-10 00:00:00-05:00,111.29825148872823,113.50503009286085,108.4870108781463,113.1500244140625,1244200,0.0,0.0
2020-11-11 00:00:00-05:00,112.72784187908061,115.11692138044299,111.77797104176014,113.76406860351562,881900,0.0,0.0
2020-11-12 00:00:00-05:00,112.73744529234074,115.79814934102559,111.91230255395018,113.83123779296875,839200,0.0,0.0
2020-11-13 00:00:00-05:00,114.09989226758614,117.98573921514887,112.91975114613726,117.5156021118164,1014700,0.0,0.0
2020-11-16 00:00:00-05:00,118.01451821958857,123.91523827444233,118.01451821958857,123.69456481933594,1526100,0.0,0.0
2020-11-17 00:00:00-05:00,122.36089562461999,123.3875329316813,119.35776482483364,122.76387023925781,1904500,0.0,0.0
2020-11-18 00:00:00-05:00,122.76387916939484,124.93228536248816,121.40143690451788,121.4110336303711,870800,0.0,0.0
2020-11-19 00:00:00-05:00,120.9025218760626,121.36306225353572,117.48681202904326,120.70103454589844,1138500,0.0,0.0
2020-11-20 00:00:00-05:00,120.89292085963214,123.29158992430739,120.41318704669709,122.70631408691406,748700,0.0,0.0
2020-11-23 00:00:00-05:00,124.05916031873001,129.29784507725464,123.80009997431095,128.626220703125,1400100,0.0,0.0
2020-11-24 00:00:00-05:00,130.17096796892767,132.12829007802569,128.84689799161512,131.69651794433594,1428200,0.0,0.0
2020-11-25 00:00:00-05:00,129.72000914487563,130.89056072090085,127.83946095541121,129.26905822753906,1126200,0.0,0.0
2020-11-27 00:00:00-05:00,130.89057709061933,132.5888389568038,130.7370587505577,132.080322265625,531400,0.0,0.0
2020-11-30 00:00:00-05:00,131.68691853712238,131.92678541970366,128.7221673820928,130.45880126953125,1096100,0.0,0.0
2020-12-01 00:00:00-05:00,131.92678448544598,132.58881941913205,129.35541854973422,130.37245178222656,1719800,0.0,0.0
2020-12-02 00:00:00-05:00,129.35545650107335,130.48762148365296,126.80326862602587,129.7680206298828,1576100,0.0,0.0
2020-12-03 00:00:00-05:00,129.8351700399169,130.70827447891068,125.45998523734309,126.3810806274414,1969300,0.0,0.0
2020-12-04 00:00:00-05:00,127.13905302919605,133.5866768083304,126.8512244464517,133.57708740234375,1157900,0.0,0.0
2020-12-07 00:00:00-05:00,133.7881704332706,135.3233098773186,132.5024873057979,134.32546997070312,1122100,0.0,0.0
2020-12-08 00:00:00-05:00,133.5675189580277,138.2784947321482,132.59844710965697,138.11538696289062,892700,0.0,0.0
2020-12-09 00:00:00-05:00,138.2496682312979,140.18779667595865,134.92991888779758,136.7720947265625,1444400,0.0,0.0
2020-12-10 00:00:00-05:00,135.6513058494581,138.24888111058297,134.8912801694849,136.0649871826172,1102900,0.385,0.0
2020-12-11 00:00:00-05:00,134.8335408606313,136.55564718095602,131.42783375981836,133.39044189453125,962400,0.0,0.0
2020-12-14 00:00:00-05:00,135.227991011133,135.65130238865746,129.15735706154086,129.46522521972656,1387300,0.0,0.0
2020-12-15 00:00:00-05:00,131.58172139115976,132.9767136299664,129.8884764734741,132.70733642578125,1211900,0.0,0.0
2020-12-16 00:00:00-05:00,133.42891819035665,134.67960676045377,130.3887865104185,130.62930297851562,908800,0.0,0.0
2020-12-17 00:00:00-05:00,132.03394509469976,132.73624917478855,129.06114995357515,132.26483154296875,1127700,0.0,0.0
2020-12-18 00:00:00-05:00,132.28404940156761,134.00614074914046,131.85112272133617,133.6309356689453,2447400,0.0,0.0
2020-12-21 00:00:00-05:00,130.6293171557144,136.78653353525948,130.27335744188562,136.6326141357422,1180900,0.0,0.0
2020-12-22 00:00:00-05:00,137.9987264232229,142.3761289307336,137.238686188929,140.72137451171875,1294200,0.0,0.0
2020-12-23 00:00:00-05:00,142.24150398558047,147.02297452504075,141.6738737291306,144.22335815429688,1718100,0.0,0.0
2020-12-24 00:00:00-05:00,144.2136938979808,144.66586611235036,142.6647669823657,143.96356201171875,487400,0.0,0.0
2020-12-28 00:00:00-05:00,145.64716042502633,147.6578746937344,143.9250688710519,144.04051208496094,1228600,0.0,0.0
2020-12-29 00:00:00-05:00,143.8096395944883,144.22333565992062,139.24945557809764,140.67330932617188,1112800,0.0,0.0
2020-12-30 00:00:00-05:00,142.54932179946198,145.87807672001597,142.15487120425885,143.6268310546875,1041100,0.0,0.0
2020-12-31 00:00:00-05:00,143.11693316008942,143.70379400845607,141.24090739234762,141.92398071289062,779200,0.0,0.0
2021-01-04 00:00:00-05:00,147.09991148082472,150.81348748320872,144.58891819061216,146.8401641845703,2898700,0.0,0.0
2021-01-05 00:00:00-05:00,146.87861312183537,160.45336484550603,146.87861312183537,156.74940490722656,2628000,0.0,0.0
2021-01-06 00:00:00-05:00,159.22192413410514,171.81536464061472,159.22192413410514,168.457763671875,3335500,0.0,0.0
2021-01-07 00:00:00-05:00,176.5198479622853,180.14684053089306,173.70100190983857,177.02012634277344,2947800,0.0,0.0
2021-01-08 00:00:00-05:00,177.4915839842476,179.8390129887962,171.8827367360789,177.1163787841797,1659400,0.0,0.0
2021-01-11 00:00:00-05:00,172.0174111244087,173.17188743800284,166.84149112450697,170.56468200683594,2940000,0.0,0.0
2021-01-12 00:00:00-05:00,170.5646862262962,176.19277857924519,169.8046604940336,175.57705688476562,1655200,0.0,0.0
2021-01-13 00:00:00-05:00,175.96184667156146,176.04844375905276,171.25734502290456,173.0948944091797,1481400,0.0,0.0
2021-01-14 00:00:00-05:00,173.65290667514518,177.1067199661581,173.65290667514518,175.45196533203125,1037800,0.0,0.0
2021-01-15 00:00:00-05:00,173.1718756816119,176.80848389652883,170.99761186061792,173.3065643310547,1196600,0.0,0.0
2021-01-19 00:00:00-05:00,174.13393699656294,178.58830704384167,171.62294427919304,178.22271728515625,1520700,0.0,0.0
2021-01-20 00:00:00-05:00,180.3969590384912,181.20510549487946,172.57537379955158,173.35464477539062,1404400,0.0,0.0
2021-01-21 00:00:00-05:00,174.61499137719716,175.08640903539893,167.8035618527886,169.71807861328125,1321300,0.0,0.0
2021-01-22 00:00:00-05:00,166.66831122547143,168.23646874877366,164.67682765347678,167.1204833984375,2034500,0.0,0.0
2021-01-25 00:00:00-05:00,167.3994938518516,172.6908571632607,165.55232878473706,170.20872497558594,1372300,0.0,0.0
2021-01-26 00:00:00-05:00,171.0745857583446,172.04626714828024,166.08146079389945,168.72714233398438,1406100,0.0,0.0
2021-01-27 00:00:00-05:00,163.80135667934172,164.12847028570687,155.2389749002006,162.44485473632812,2907700,0.0,0.0
2021-01-28 00:00:00-05:00,164.1476789967034,164.657572748798,157.6633642323452,160.05889892578125,1706500,0.0,0.0
2021-01-29 00:00:00-05:00,158.8178214602354,163.0316742937566,154.33459138146213,156.4896240234375,3133400,0.0,0.0
2021-02-01 00:00:00-05:00,159.4912835685379,161.5308585769164,157.114979623511,160.05889892578125,1233900,0.0,0.0
2021-02-02 00:00:00-05:00,163.02206111972825,165.13860312869093,161.35769125067546,162.82965087890625,1177200,0.0,0.0
2021-02-03 00:00:00-05:00,160.18399829276512,164.62873877303028,154.32501953605873,155.7392578125,2278800,0.0,0.0
2021-02-04 00:00:00-05:00,147.1383912629338,150.56334422036647,145.8877024005099,149.02403259277344,8388900,0.0,0.0
2021-02-05 00:00:00-05:00,151.04436679616785,153.06471133230545,148.4852676317169,151.20791625976562,4970300,0.0,0.0
2021-02-08 00:00:00-05:00,153.9305454969949,157.64412049430834,152.79531477033575,155.43136596679688,2523900,0.0,0.0
2021-02-09 00:00:00-05:00,154.27690604443907,155.16200501258083,149.8995027602897,152.67025756835938,1537600,0.0,0.0
2021-02-10 00:00:00-05:00,155.14274146146448,155.66226526727885,149.2260420594227,150.13038635253906,1485500,0.0,0.0
2021-02-11 00:00:00-05:00,150.16887735325636,154.36348567074705,148.65844137753416,153.7862548828125,1455000,0.0,0.0
2021-02-12 00:00:00-05:00,158.23099704950067,159.654850626806,154.9599785038085,158.39454650878906,1590000,0.0,0.0
2021-02-16 00:00:00-05:00,164.03223866101206,164.85000056151173,155.53719486201655,156.04708862304688,1869300,0.0,0.0
2021-02-17 00:00:00-05:00,156.4607688880088,156.58582746214353,148.48523502535366,151.4965057373047,2300400,0.0,0.0
2021-02-18 00:00:00-05:00,144.7716811788811,145.51247607656921,135.3915380929535,136.09385681152344,4075000,0.0,0.0
2021-02-19 00:00:00-05:00,139.26865857894816,151.02510540417973,139.01852672222702,150.24583435058594,3729900,0.0,0.0
2021-02-22 00:00:00-05:00,148.2928650355183,153.81512962142355,147.7733558113217,150.55372619628906,2317400,0.0,0.0
2021-02-23 00:00:00-05:00,144.5119536364559,149.37037564020645,135.78600716594815,148.75465393066406,2314500,0.0,0.0
2021-02-24 00:00:00-05:00,149.12024827160303,155.97978438968525,146.9940756919012,154.7964324951172,1816500,0.0,0.0
2021-02-25 00:00:00-05:00,155.35439448621605,156.72052627680793,146.14743163075957,147.65786743164062,1326300,0.0,0.0
2021-02-26 00:00:00-05:00,147.17683441928935,152.88189272930353,146.06084915368749,151.2463836669922,1718100,0.0,0.0
2021-03-01 00:00:00-05:00,153.97868558420035,155.16202280250332,145.7530173146107,147.14801025390625,2385400,0.0,0.0
2021-03-02 00:00:00-05:00,148.05235868739948,152.6125575062798,147.5520801808642,147.88880920410156,1321400,0.0,0.0
2021-03-03 00:00:00-05:00,148.07156985242008,148.82198009857288,141.1639288860883,141.42369079589844,1523100,0.0,0.0
2021-03-04 00:00:00-05:00,140.40391246998328,141.08697109986954,131.91848341956637,136.14195251464844,2915300,0.0,0.0
2021-03-05 00:00:00-05:00,138.7972785511766,139.09551668950135,128.74369087299988,138.4220733642578,1416700,0.0,0.0
2021-03-08 00:00:00-05:00,139.47069886188075,141.13506880818855,134.92974650389468,135.35305786132812,1322900,0.0,0.0
2021-03-09 00:00:00-05:00,138.46052858101402,142.70324290750452,136.90198645289965,140.2403564453125,1218900,0.0,0.0
2021-03-10 00:00:00-05:00,144.30991952516814,150.38055445773261,143.48254206602527,146.52267456054688,1937200,0.0,0.0
2021-03-11 00:00:00-05:00,150.75699004854363,156.25484268081976,148.77004810755017,155.5507354736328,1589700,0.39,0.0
2021-03-12 00:00:00-05:00,154.38358711622382,156.18726422783658,150.3228999209383,151.70217895507812,984800,0.0,0.0
2021-03-15 00:00:00-04:00,150.5447764403137,154.0749816339259,150.5447764403137,153.19725036621094,704300,0.0,0.0
2021-03-16 00:00:00-04:00,154.25820166409443,154.25820166409443,148.83751523977986,149.85028076171875,957600,0.0,0.0
2021-03-17 00:00:00-04:00,147.834439108285,151.27782502791766,146.20437088846037,150.3808135986328,1014400,0.0,0.0
2021-03-18 00:00:00-04:00,149.95641652960234,152.92718924371528,147.00493865687335,147.1110382080078,1326800,0.0,0.0
2021-03-19 00:00:00-04:00,147.27501278619587,147.96947992412012,143.36863881478504,146.12721252441406,1670700,0.0,0.0
2021-03-22 00:00:00-04:00,146.22365214709714,147.57399655531444,143.47471887322237,146.75413513183594,740300,0.0,0.0
2021-03-23 00:00:00-04:00,145.47134218506545,146.6480626910197,140.2724784585852,141.27560424804688,765200,0.0,0.0
2021-03-24 00:00:00-04:00,142.78023006665134,145.7413619701366,141.36236129531414,141.4298858642578,1039800,0.0,0.0
2021-03-25 00:00:00-04:00,140.27245489357077,144.0052189947975,136.90623387737529,143.64833068847656,964200,0.0,0.0
2021-03-26 00:00:00-04:00,145.64490473097555,145.64490473097555,141.43952808513683,145.06617736816406,722500,0.0,0.0
2021-03-29 00:00:00-04:00,144.3138489760673,144.3138489760673,140.24350651705055,141.2176971435547,758800,0.0,0.0
2021-03-30 00:00:00-04:00,141.0151278266756,141.37201607260357,138.71954268260313,140.23385620117188,1348000,0.0,0.0
2021-03-31 00:00:00-04:00,141.9121754919547,143.20465010046692,140.5328814646945,140.9283447265625,1990000,0.0,0.0
2021-04-01 00:00:00-04:00,142.93458024241613,146.435850339283,142.30762306425243,145.39414978027344,1126200,0.0,0.0
2021-04-05 00:00:00-04:00,148.02730408235124,148.38417760346456,143.71582806304798,144.89256286621094,776000,0.0,0.0
2021-04-06 00:00:00-04:00,144.20777432576764,148.24918258404364,143.76409600068646,147.46791076660156,888000,0.0,0.0
2021-04-07 00:00:00-04:00,147.17852908297507,147.46789279578587,138.179407392223,138.6038055419922,1292200,0.0,0.0
2021-04-08 00:00:00-04:00,139.79983105802933,141.64209809808304,139.15359379260903,140.9862060546875,852600,0.0,0.0
2021-04-09 00:00:00-04:00,141.0151383069451,142.2690378553013,139.68408884213076,142.09542846679688,638900,0.0,0.0
2021-04-12 00:00:00-04:00,142.12435466137185,143.06959561541393,140.47499198333944,142.47158813476562,793000,0.0,0.0
2021-04-13 00:00:00-04:00,142.78027795736986,143.97630802183403,140.76440103705173,143.31077575683594,1061900,0.0,0.0
2021-04-14 00:00:00-04:00,143.45545152549784,149.00153415823524,142.97318347047718,147.50650024414062,1104600,0.0,0.0
2021-04-15 00:00:00-04:00,148.5674729510268,148.8471966217059,143.82195778724864,145.17230224609375,1036700,0.0,0.0
2021-04-16 00:00:00-04:00,146.45513303407765,147.57399825241046,145.54846689914075,146.63839721679688,727900,0.0,0.0
2021-04-19 00:00:00-04:00,149.9274566734003,154.09424394209768,149.30049953280638,151.91439819335938,1259300,0.0,0.0
2021-04-20 00:00:00-04:00,150.51583846237773,150.78590735190113,141.5745860539654,143.2528839111328,1072200,0.0,0.0
2021-04-21 00:00:00-04:00,142.61629395026057,147.70904286718775,141.32381923885777,147.6222381591797,690300,0.0,0.0
2021-04-22 00:00:00-04:00,150.46759294761898,154.20034198609488,148.18164768748554,150.27468872070312,1417900,0.0,0.0
2021-04-23 00:00:00-04:00,150.51581192672904,161.9069771726204,149.18474783613442,155.51210021972656,1576800,0.0,0.0
2021-04-26 00:00:00-04:00,156.97821176607616,165.86159354362718,156.25480986853665,164.52088928222656,1351300,0.0,0.0
2021-04-27 00:00:00-04:00,163.00656330181678,165.514362470443,161.52118452619322,163.72996520996094,948800,0.0,0.0
2021-04-28 00:00:00-04:00,162.76543729673338,164.5980496666439,161.2511088304487,163.3923797607422,594000,0.0,0.0
2021-04-29 00:00:00-04:00,164.9645776191882,165.7747842617118,158.54076484421486,161.67550659179688,771700,0.0,0.0
2021-04-30 00:00:00-04:00,159.53424020925476,163.05480525660178,159.3413359628256,162.2060089111328,1372300,0.0,0.0
2021-05-03 00:00:00-04:00,163.4984729879552,163.96146081065214,159.601754478312,160.1033172607422,652000,0.0,0.0
2021-05-04 00:00:00-04:00,157.71122973641397,158.1066929124891,152.91748604708985,156.3608856201172,949100,0.0,0.0
2021-05-05 00:00:00-04:00,160.09361728872494,162.60141577528387,157.7883777571205,161.2221221923828,991400,0.0,0.0
2021-05-06 00:00:00-04:00,152.14591709706679,153.48662157619518,144.68040300372022,147.42933654785156,2553600,0.0,0.0
2021-05-07 00:00:00-04:00,148.9822187038397,157.34474302873173,148.5385257226685,156.94927978515625,1115900,0.0,0.0
2021-05-10 00:00:00-04:00,157.59549604001822,159.28343360719043,153.54444882233443,153.82415771484375,1127000,0.0,0.0
2021-05-11 00:00:00-04:00,150.12999405684909,155.19380709703873,148.2298573195946,154.80799865722656,600900,0.0,0.0
2021-05-12 00:00:00-04:00,152.8789011816777,153.84343683582077,148.62529541467165,149.11721801757812,1022300,0.0,0.0
2021-05-13 00:00:00-04:00,152.44493561578201,155.02024527158653,149.74423155562815,152.0977020263672,681900,0.0,0.0
2021-05-14 00:00:00-04:00,153.48661942321618,159.1388010099836,153.2261905805201,158.00064086914062,820200,0.0,0.0
2021-05-17 00:00:00-04:00,156.73710886598636,158.0006487426355,149.97571642187614,152.1941375732422,1032500,0.0,0.0
2021-05-18 00:00:00-04:00,153.3130139999966,156.1583926228919,151.35500684525812,153.69883728027344,904900,0.0,0.0
2021-05-19 00:00:00-04:00,149.50307989791054,152.1555538960993,147.1689045456226,151.41285705566406,735800,0.0,0.0
2021-05-20 00:00:00-04:00,151.10420461214383,152.68604297257,148.96293363773577,152.3870391845703,721700,0.0,0.0
2021-05-21 00:00:00-04:00,153.78558935683697,156.51522742009286,153.21651677058793,153.92062377929688,1082800,0.0,0.0
2021-05-24 00:00:00-04:00,154.85622819305428,155.09736214703983,148.7603547718281,153.93026733398438,553500,0.0,0.0
2021-05-25 00:00:00-04:00,154.750129511074,156.03296391941205,151.89509700450267,152.41595458984375,801200,0.0,0.0
2021-05-26 00:00:00-04:00,152.41595543919473,156.48629780482983,152.37736576424774,156.4477081298828,573900,0.0,0.0
2021-05-27 00:00:00-04:00,158.20316723102607,163.6817235519059,156.61167431842483,162.5821533203125,2357400,0.0,0.0
2021-05-28 00:00:00-04:00,162.5146622637382,163.1608995632431,159.36062568818872,161.1546630859375,749800,0.0,0.0
2021-06-01 00:00:00-04:00,163.97113851951198,167.62672389662083,163.48887046504282,165.3504180908203,1281300,0.0,0.0
2021-06-02 00:00:00-04:00,164.97419085469926,166.1316455474129,162.75577036817631,164.3183135986328,649900,0.0,0.0
2021-06-03 00:00:00-04:00,162.9583457745619,163.9711114653782,159.90076857982558,162.2060089111328,537600,0.0,0.0
2021-06-04 00:00:00-04:00,163.0644124999607,167.6748922346858,162.9100832468169,167.38552856445312,634100,0.0,0.0
2021-06-07 00:00:00-04:00,167.8292411222849,168.0318001304396,162.55322874407472,164.7234344482422,758600,0.0,0.0
2021-06-08 00:00:00-04:00,165.22498886679574,171.28227263741718,164.5980317533687,169.7679443359375,819800,0.0,0.0
2021-06-09 00:00:00-04:00,169.1506473001686,169.82583416926917,167.31803507227897,168.1861114501953,914300,0.0,0.0
2021-06-10 00:00:00-04:00,168.48579538373497,168.48579538373497,161.76724693662635,162.19259643554688,786300,0.39,0.0
2021-06-11 00:00:00-04:00,163.294615433173,164.7156625952795,161.9799056352595,164.5126495361328,680800,0.0,0.0
2021-06-14 00:00:00-04:00,163.98099651069748,164.71568172549607,161.6415889773907,162.73394775390625,473600,0.0,0.0
2021-06-15 00:00:00-04:00,162.88859953485644,163.11093592629763,157.5234231282392,160.5008544921875,998100,0.0,0.0
2021-06-16 00:00:00-04:00,159.59217340382304,160.86822187710467,157.33976523554227,159.77584838867188,706100,0.0,0.0
2021-06-17 00:00:00-04:00,158.68348556443047,159.4181855532007,153.86933320667765,158.41281127929688,1231700,0.0,0.0
2021-06-18 00:00:00-04:00,155.1163574654164,157.23341355696505,152.5642755016943,152.7092742919922,1348200,0.0,0.0
2021-06-21 00:00:00-04:00,154.60399021279656,157.10774901903787,154.1399793445345,156.0347137451172,1026900,0.0,0.0
2021-06-22 00:00:00-04:00,156.02505285004708,157.01108895002403,153.6276459164053,156.19906616210938,803500,0.0,0.0
2021-06-23 00:00:00-04:00,157.26244595535323,160.32689203232334,157.26244595535323,158.219482421875,701100,0.0,0.0
2021-06-24 00:00:00-04:00,160.75219150071052,160.75219150071052,157.58142348591863,160.44285583496094,840600,0.0,0.0
2021-06-25 00:00:00-04:00,162.34728257457675,164.20334117136753,160.5685615964826,161.21624755859375,1648700,0.0,0.0
2021-06-28 00:00:00-04:00,162.24094572812479,165.25703911403315,160.4428866517619,163.42031860351562,670700,0.0,0.0
2021-06-29 00:00:00-04:00,164.33865478386372,164.8510035275504,161.2935620807718,161.9605712890625,606000,0.0,0.0
2021-06-30 00:00:00-04:00,161.10991597920093,162.98531273587017,160.82956525749842,162.8499755859375,589300,0.0,0.0
2021-07-01 00:00:00-04:00,164.33866014650494,166.50406897866608,163.72963568575693,166.30105590820312,677000,0.0,0.0
2021-07-02 00:00:00-04:00,166.40739585183744,166.77474581805112,164.2323253162606,164.96701049804688,501300,0.0,0.0
2021-07-06 00:00:00-04:00,165.3053549334157,165.46003015070013,161.02288995316744,162.9466094970703,665800,0.0,0.0
2021-07-07 00:00:00-04:00,162.40527700706613,165.88539598604578,161.23556584310177,164.37733459472656,741100,0.0,0.0
2021-07-08 00:00:00-04:00,160.17216692710642,162.84024764623823,157.76508400343076,162.3182373046875,731500,0.0,0.0
2021-07-09 00:00:00-04:00,164.82199462660392,170.4481835762765,163.85529671090535,169.66514587402344,1314100,0.0,0.0
2021-07-12 00:00:00-04:00,170.82524118012054,186.35041152738438,170.14854065637053,181.24624633789062,3652500,0.0,0.0
2021-07-13 00:00:00-04:00,179.70915583622113,182.69626392549117,177.92077335141227,178.70379638671875,1098900,0.0,0.0
2021-07-14 00:00:00-04:00,179.32246714515773,184.18495658365177,175.30100019085936,176.44171142578125,1126600,0.0,0.0
2021-07-15 00:00:00-04:00,176.56738737833857,183.9819741691783,176.56738737833857,179.64149475097656,1478700,0.0,0.0
2021-07-16 00:00:00-04:00,180.77249159482804,182.64788771799948,173.48359655235478,174.6436309814453,978100,0.0,0.0
2021-07-19 00:00:00-04:00,168.39880386878852,173.66730549479726,164.57068770318426,172.14959716796875,1756500,0.0,0.0
2021-07-20 00:00:00-04:00,173.03896177976887,182.42560692302118,172.62328867256164,181.01422119140625,1268200,0.0,0.0
2021-07-21 00:00:00-04:00,187.5394170407832,191.72522126336835,182.92826332666274,183.8852996826172,1826100,0.0,0.0
2021-07-22 00:00:00-04:00,185.54801356497455,187.85842115865032,182.98625505483759,186.3406982421875,811300,0.0,0.0
2021-07-23 00:00:00-04:00,185.6736466272381,187.23001586679584,180.047458559984,184.01092529296875,905500,0.0,0.0
2021-07-26 00:00:00-04:00,184.63932353849162,188.42877804208425,184.17531261475247,188.3514404296875,1038200,0.0,0.0
2021-07-27 00:00:00-04:00,185.1903411306266,185.59635251658216,178.79079040272725,182.69625854492188,1197000,0.0,0.0
2021-07-28 00:00:00-04:00,183.6822610976944,188.9894378335311,183.07325145633817,188.0614013671875,774900,0.0,0.0
2021-07-29 00:00:00-04:00,190.6231896382965,203.9732872645616,189.28914161749836,196.06570434570312,2550000,0.0,0.0
2021-07-30 00:00:00-04:00,196.06565245475034,200.67679028334015,194.79926596185538,199.17840576171875,1556400,0.0,0.0
2021-08-02 00:00:00-04:00,201.42116624649495,202.0011908614456,197.8153873669856,200.00978088378906,1109900,0.0,0.0
2021-08-03 00:00:00-04:00,197.97008711411164,200.88951935447864,194.8379948733941,200.087158203125,1046900,0.0,0.0
2021-08-04 00:00:00-04:00,202.13657511152556,204.9786550857931,199.20748109927592,199.9518280029297,1153700,0.0,0.0
2021-08-05 00:00:00-04:00,202.87125369385132,218.68643440766706,201.37286876377956,211.3395233154297,2505200,0.0,0.0
2021-08-06 00:00:00-04:00,213.64027326766714,219.8174733390912,207.85942294472176,219.16012573242188,1651300,0.0,0.0
2021-08-09 00:00:00-04:00,217.22670226612027,224.7862725449978,212.75088604913233,223.67457580566406,1425200,0.0,0.0
2021-08-10 00:00:00-04:00,224.56396556887188,233.95059560824546,224.56396556887188,231.06983947753906,1977900,0.0,0.0
2021-08-11 00:00:00-04:00,232.00754229918695,234.00861443182575,220.1558289903014,228.13108825683594,1916300,0.0,0.0
2021-08-12 00:00:00-04:00,227.76372813799807,229.64878638526605,222.74656289867136,228.66275024414062,1089600,0.0,0.0
2021-08-13 00:00:00-04:00,230.0354458703603,231.96884173000123,225.3856164373864,227.38668823242188,849200,0.0,0.0
2021-08-16 00:00:00-04:00,224.70893442817825,224.70893442817825,213.9785960860512,218.37705993652344,2147800,0.0,0.0
2021-08-17 00:00:00-04:00,214.00760424018583,216.2986737401559,203.74126162820627,209.2417755126953,2133000,0.0,0.0
2021-08-18 00:00:00-04:00,210.07314509440994,214.29761073625076,207.98507382381683,210.47915649414062,946100,0.0,0.0
2021-08-19 00:00:00-04:00,204.0699551196372,209.8411433998292,203.50926850566054,206.24502563476562,1361800,0.0,0.0
2021-08-20 00:00:00-04:00,206.69934614717002,213.1665425226857,206.6123321281725,212.3641815185547,1116800,0.0,0.0
2021-08-23 00:00:00-04:00,217.63273250351838,222.57256003341314,215.15798790353,220.34915161132812,1550100,0.0,0.0
2021-08-24 00:00:00-04:00,220.53282523150645,221.6638601510285,214.65529946761583,221.5671844482422,1208600,0.0,0.0
2021-08-25 00:00:00-04:00,221.905548409324,232.52955092533455,219.92381438452188,226.37168884277344,1834600,0.0,0.0
2021-08-26 00:00:00-04:00,225.14395983724683,228.52740286035228,222.77555267120118,223.01722717285156,908400,0.0,0.0
2021-08-27 00:00:00-04:00,224.94098771230972,229.9291535474375,224.94098771230972,228.76910400390625,985000,0.0,0.0
2021-08-30 00:00:00-04:00,232.69391416462716,236.2900176500307,228.99145854388848,229.08811950683594,1119600,0.0,0.0
2021-08-31 00:00:00-04:00,229.11709220505648,229.20410623726596,222.90123102232346,228.85609436035156,833100,0.0,0.0
2021-09-01 00:00:00-04:00,228.85609252926602,233.2642331011513,225.87866088407452,231.23416137695312,924000,0.0,0.0
2021-09-02 00:00:00-04:00,232.00754341811134,240.42749033827627,232.00754341811134,235.90333557128906,1092800,0.0,0.0
2021-09-03 00:00:00-04:00,235.35229516794615,237.3630139726842,231.67883991774772,233.80557250976562,860500,0.0,0.0
2021-09-07 00:00:00-04:00,232.97424173505686,233.81526436053386,230.209484583362,230.8281707763672,1042300,0.0,0.0
2021-09-08 00:00:00-04:00,235.63263409757795,235.63263409757795,227.50270049481645,231.31149291992188,1203200,0.0,0.0
2021-09-09 00:00:00-04:00,230.07410063039904,239.67340371504955,229.81308806673175,235.30393981933594,1172100,0.0,0.0
2021-09-10 00:00:00-04:00,241.51983531913623,244.67128037706718,232.94522840516802,233.13856506347656,1536200,0.0,0.0
2021-09-13 00:00:00-04:00,234.83993197244232,235.1492824047313,215.04196157580193,221.49951171875,2522900,0.0,0.0
2021-09-14 00:00:00-04:00,224.46725940980886,227.17401660028065,221.12249278745676,222.7948760986328,1322400,0.0,0.0
2021-09-15 00:00:00-04:00,222.88189800935467,228.72076243831003,222.7368992034375,226.18800354003906,1469300,0.0,0.0
2021-09-16 00:00:00-04:00,224.93888021170488,225.19063601222393,218.20911477703098,223.92214965820312,1323100,0.39,0.0
2021-09-17 00:00:00-04:00,221.201187796699,222.71175209906718,216.65980231376645,219.6615753173828,2097300,0.0,0.0
2021-09-20 00:00:00-04:00,209.78476333894318,211.09199028983556,203.5778954041191,208.65184020996094,2246600,0.0,0.0
2021-09-21 00:00:00-04:00,211.71171700700546,213.3675368867025,206.76364251860244,209.62985229492188,1008900,0.0,0.0
2021-09-22 00:00:00-04:00,212.73813801079052,219.45822548317645,210.14306900920755,216.20469665527344,904500,0.0,0.0
2021-09-23 00:00:00-04:00,219.7002771336072,224.88075149021518,219.7002771336072,221.88865661621094,1055100,0.0,0.0
2021-09-24 00:00:00-04:00,220.66860491266752,222.39219896429634,217.5990578707158,219.22581481933594,704200,0.0,0.0
2021-09-27 00:00:00-04:00,218.82882853107543,219.49695138254438,213.05768265943928,215.20733642578125,843700,0.0,0.0
2021-09-28 00:00:00-04:00,212.070001797442,212.9705396235813,208.2451724247009,209.59112548828125,984200,0.0,0.0
2021-09-29 00:00:00-04:00,211.87633180336613,213.91947057404516,209.54269649758592,212.03126525878906,740400,0.0,0.0
2021-09-30 00:00:00-04:00,216.55328021516513,221.59819188977673,211.90537997934948,212.03126525878906,1019700,0.0,0.0
2021-10-01 00:00:00-04:00,212.51543437471517,214.6069918265354,203.81999681100942,211.9538116455078,1116200,0.0,0.0
2021-10-04 00:00:00-04:00,212.06035357479715,213.07708425247012,205.87283973958444,208.3904571533203,1015800,0.0,0.0
2021-10-05 00:00:00-04:00,210.1430352465748,216.7275585755318,208.33228209657054,215.34286499023438,1049600,0.0,0.0
2021-10-06 00:00:00-04:00,213.0286223242052,215.71085047872572,207.7610031172366,215.32351684570312,1005800,0.0,0.0
2021-10-07 00:00:00-04:00,218.83850387540977,219.7487194856601,214.86841891269557,215.25575256347656,641000,0.0,0.0
2021-10-08 00:00:00-04:00,214.9458955496889,215.70117773443775,206.7927102096364,208.24517822265625,1260600,0.0,0.0
2021-10-11 00:00:00-04:00,208.2839033279546,212.23460302430033,207.12191718462842,207.37368774414062,743100,0.0,0.0
2021-10-12 00:00:00-04:00,211.05331996971836,212.01193952957522,208.06122423593396,209.9978485107422,707300,0.0,0.0
2021-10-13 00:00:00-04:00,211.57619877277477,219.05156954072694,210.9952055891487,216.57269287109375,1016400,0.0,0.0
2021-10-14 00:00:00-04:00,217.91862030350458,225.0163490934848,217.90892772725493,223.99961853027344,1127900,0.0,0.0
2021-10-15 00:00:00-04:00,226.18802393416195,227.10791749054337,221.37551152915677,221.52076721191406,908300,0.0,0.0
2021-10-18 00:00:00-04:00,220.62016047931434,230.33232680595944,220.3296639796351,229.4027557373047,1223100,0.0,0.0
2021-10-19 00:00:00-04:00,236.04541223741947,236.61671275165463,225.68447714975377,228.47320556640625,1069900,0.0,0.0
2021-10-20 00:00:00-04:00,230.83587630792738,231.41686936573072,225.2584050091374,227.71791076660156,911700,0.0,0.0
2021-10-21 00:00:00-04:00,226.50752901269516,228.32796020229404,223.099066820021,226.73992919921875,656500,0.0,0.0
2021-10-22 00:00:00-04:00,228.01811973771984,230.15809589130697,223.61229690993653,224.17391967773438,761800,0.0,0.0
2021-10-25 00:00:00-04:00,227.4564858047474,235.29981901536712,224.7839499695955,231.85263061523438,1600500,0.0,0.0
2021-10-26 00:00:00-04:00,231.85263701335646,234.47675436524833,226.58501715644562,228.67657470703125,1121200,0.0,0.0
2021-10-27 00:00:00-04:00,229.19945258764952,231.07798027384226,223.32180629890843,224.40631103515625,1140400,0.0,0.0
2021-10-28 00:00:00-04:00,225.86844449866382,238.40809631347656,225.37461071372596,238.40809631347656,1569900,0.0,0.0
2021-10-29 00:00:00-04:00,232.15277637829564,243.8209376455845,228.60875130336998,242.5330810546875,4261200,0.0,0.0
2021-11-01 00:00:00-04:00,247.8878481666076,250.96707293842394,241.68096529730929,247.761962890625,1638100,0.0,0.0
2021-11-02 00:00:00-04:00,247.8878532358176,252.71972029389147,243.57886811704535,251.78045654296875,1631500,0.0,0.0
2021-11-03 00:00:00-04:00,250.29897206179137,255.15022488291015,247.39405069038617,253.64935302734375,1172500,0.0,0.0
2021-11-04 00:00:00-04:00,265.09474001049927,267.254086200237,255.68274709707825,264.0199279785156,1841800,0.0,0.0
2021-11-05 00:00:00-04:00,265.1141329188151,266.2760895103232,259.0040869739064,263.87469482421875,990800,0.0,0.0
2021-11-08 00:00:00-05:00,267.0604345941615,271.07895298665636,263.98120956302085,269.6942443847656,1234600,0.0,0.0
2021-11-09 00:00:00-05:00,271.1273420020429,273.9063925294782,262.4803235081776,265.8694152832031,1051000,0.0,0.0
2021-11-10 00:00:00-05:00,261.3377443907234,265.3949445545014,255.21800535259837,257.32891845703125,1331100,0.0,0.0
2021-11-11 00:00:00-05:00,258.12295889428157,264.71716181130023,255.59564899296842,263.6810607910156,785700,0.0,0.0
2021-11-12 00:00:00-05:00,263.85531516684426,267.85444826915676,261.54106496062843,267.64141845703125,767700,0.0,0.0
2021-11-15 00:00:00-05:00,267.0894743881857,267.7673045790388,256.9125358033878,262.693359375,946100,0.0,0.0
2021-11-16 00:00:00-05:00,261.01814640049776,264.82360497332246,258.56831854121367,263.8359375,674400,0.0,0.0
2021-11-17 00:00:00-05:00,264.54285551048093,267.15728023244134,261.6863232331418,264.7268371582031,603300,0.0,0.0
2021-11-18 00:00:00-05:00,268.22238920878186,269.4230864768671,261.04719467341437,265.95654296875,823400,0.0,0.0
2021-11-19 00:00:00-05:00,265.3659067520784,273.59655921646265,264.232998196459,272.5120544433594,1028800,0.0,0.0
2021-11-22 00:00:00-05:00,278.15726496444273,282.2435420576417,272.19246056225217,274.806884765625,2346100,0.0,0.0
2021-11-23 00:00:00-05:00,273.06404798433266,277.4117604269162,262.451354251718,266.4407958984375,1329500,0.0,0.0
2021-11-24 00:00:00-05:00,263.6519893838579,266.28579919794635,258.6458033567002,265.78228759765625,974400,0.0,0.0
2021-11-26 00:00:00-05:00,256.60269030428486,261.13438355413325,254.51113275423063,258.3940734863281,884300,0.0,0.0
2021-11-29 00:00:00-05:00,262.6933123700898,268.67747210797063,259.7012325011494,267.1475524902344,1004800,0.0,0.0
2021-11-30 00:00:00-05:00,266.28581627109514,268.7937409582746,255.92486541778604,258.04547119140625,1377500,0.0,0.0
2021-12-01 00:00:00-05:00,261.4539602698477,267.25414030804137,251.56747242626633,251.61590576171875,1247400,0.0,0.0
2021-12-02 00:00:00-05:00,252.7294150838717,256.5058257209949,247.25845856017074,253.10707092285156,1204300,0.0,0.0
2021-12-03 00:00:00-05:00,253.9494978756442,259.3236173020102,239.28924097549157,243.50140380859375,1623500,0.0,0.0
2021-12-06 00:00:00-05:00,243.96620836991005,244.68276457759765,231.53308568691108,240.6642608642578,1036000,0.0,0.0
2021-12-07 00:00:00-05:00,245.2346350084385,254.84997862481657,245.2346350084385,251.3059539794922,888200,0.0,0.0
2021-12-08 00:00:00-05:00,252.7294196632642,257.43540156928856,250.49262141649425,256.25408935546875,832600,0.0,0.0
2021-12-09 00:00:00-05:00,253.15549441983634,258.04545825323885,249.14666851162266,249.31129455566406,682200,0.0,0.0
2021-12-10 00:00:00-05:00,252.25494396127002,255.2082834528699,249.06918951798383,254.54014587402344,667500,0.0,0.0
2021-12-13 00:00:00-05:00,254.66605846164543,254.74351042015778,240.09295976572568,240.91603088378906,1101600,0.0,0.0
2021-12-14 00:00:00-05:00,238.1466699172544,239.80247526234393,232.11408993276967,236.10353088378906,1207700,0.0,0.0
2021-12-15 00:00:00-05:00,222.05331525865165,232.85966596533797,219.74872796717688,232.1915283203125,1854800,0.0,0.0
2021-12-16 00:00:00-05:00,235.38249233639021,235.68315572271,221.52276266901706,223.96688842773438,1470100,0.39,0.0
2021-12-17 00:00:00-05:00,220.23279259578422,225.51868685233433,215.56761216232786,222.94847106933594,2350400,0.0,0.0
2021-12-20 00:00:00-05:00,213.4823580842745,216.45021730343439,209.18574031324334,211.56198120117188,1703200,0.0,0.0
2021-12-21 00:00:00-05:00,215.72279133885624,218.22510768287367,213.15259043477064,217.40069580078125,805800,0.0,0.0
2021-12-22 00:00:00-05:00,217.2552213574544,222.0367689023985,216.69268374051904,218.44818115234375,779100,0.0,0.0
2021-12-23 00:00:00-05:00,218.89436377048168,222.5702384662508,216.45023808501875,221.03781127929688,810000,0.0,0.0
2021-12-27 00:00:00-05:00,222.62838885155776,226.31397124150442,220.64982114290748,226.08120727539062,593400,0.0,0.0
2021-12-28 00:00:00-05:00,229.0006151462495,229.58255477795248,224.0638810415696,225.790283203125,704600,0.0,0.0
2021-12-29 00:00:00-05:00,224.52941163925448,225.89695933974093,220.23280840357685,225.5283966064453,573800,0.0,0.0
2021-12-30 00:00:00-05:00,224.04444380201483,230.07715684937537,224.04444380201483,227.2935791015625,610200,0.0,0.0
2021-12-31 00:00:00-05:00,226.9638431167022,229.98990850757568,226.44010928329817,226.7310791015625,380300,0.0,0.0
2022-01-03 00:00:00-05:00,229.60189216256853,231.8520424649608,222.49260174589378,229.543701171875,1130500,0.0,0.0
2022-01-04 00:00:00-05:00,231.82295316865262,240.48405783298958,231.28951107413687,235.2757568359375,1142500,0.0,0.0
2022-01-05 00:00:00-05:00,232.77344162558038,239.97971231889062,228.29255761007573,228.5447235107422,1072100,0.0,0.0
2022-01-06 00:00:00-05:00,226.9541098695556,228.57382332219137,220.32976377564768,226.352783203125,1002400,0.0,0.0
2022-01-07 00:00:00-05:00,226.96381240153903,231.677475461631,224.75246576093664,228.91329956054688,795700,0.0,0.0
2022-01-10 00:00:00-05:00,224.0444408783609,225.98421958726445,213.4532509036679,220.1357879638672,1105400,0.0,0.0
2022-01-11 00:00:00-05:00,220.80502796863576,233.64635436316837,220.3103748949661,232.93833923339844,987000,0.0,0.0
2022-01-12 00:00:00-05:00,237.62292259065327,240.53259103053884,232.35642981814317,233.81126403808594,1143300,0.0,0.0
2022-01-13 00:00:00-05:00,235.64435094714196,239.35901457497388,227.4584814939866,228.1470947265625,610700,0.0,0.0
2022-01-14 00:00:00-05:00,225.01438043092776,228.77755670150978,222.03681234481786,226.63409423828125,557100,0.0,0.0
2022-01-18 00:00:00-05:00,224.01534338302096,225.27620249242636,217.56558515319585,219.4859619140625,773900,0.0,0.0
2022-01-19 00:00:00-05:00,220.96021804433613,222.28896183364967,212.96832377727583,213.07501220703125,705600,0.0,0.0
2022-01-20 00:00:00-05:00,214.04488202477597,220.4267556940413,208.33223437179484,210.61146545410156,1190800,0.0,0.0
2022-01-21 00:00:00-05:00,207.59512975089115,212.88103905172972,201.48483810290918,206.34397888183594,1345200,0.0,0.0
2022-01-24 00:00:00-05:00,199.75842326976445,206.37306114747244,191.20399183220184,205.53895568847656,1994700,0.0,0.0
2022-01-25 00:00:00-05:00,201.84370441147055,204.491498602321,197.99324191300994,199.8069305419922,1231900,0.0,0.0
2022-01-26 00:00:00-05:00,205.18011732954807,208.18676576285444,196.46080579434857,199.4286651611328,1082600,0.0,0.0
2022-01-27 00:00:00-05:00,206.4215914613266,208.4195615350614,197.10095244019948,199.24440002441406,942500,0.0,0.0
2022-01-28 00:00:00-05:00,198.66243974394365,200.23365577419685,191.06820426549123,200.02027893066406,819500,0.0,0.0
2022-01-31 00:00:00-05:00,200.76711289326167,214.30677590733734,200.76711289326167,214.09339904785156,1137000,0.0,0.0
2022-02-01 00:00:00-05:00,220.708083816078,222.50238556742096,213.23024298928473,218.4191436767578,916700,0.0,0.0
2022-02-02 00:00:00-05:00,219.1077099986223,220.12609679173806,214.31645416763644,214.82080078125,818600,0.0,0.0
2022-02-03 00:00:00-05:00,211.43590428724724,214.33587912793982,208.11888407847806,208.5844268798828,654300,0.0,0.0
2022-02-04 00:00:00-05:00,208.04128211545216,212.40578453745465,207.02289525711726,209.51551818847656,720600,0.0,0.0
2022-02-07 00:00:00-05:00,210.91215675405945,217.13884496506014,210.6793779688428,213.16229248046875,780100,0.0,0.0
2022-02-08 00:00:00-05:00,212.3378909239361,220.56256414408878,211.71716226574895,219.86424255371094,1128400,0.0,0.0
2022-02-09 00:00:00-05:00,224.12202928265884,230.6590887275891,224.12202928265884,229.31092834472656,972400,0.0,0.0
2022-02-10 00:00:00-05:00,226.42068342126194,236.95368317407963,225.1598242082546,228.9326934814453,795700,0.0,0.0
2022-02-11 00:00:00-05:00,226.4400912166845,231.89086519329598,221.72642789477092,223.93777465820312,1009800,0.0,0.0
2022-02-14 00:00:00-05:00,223.24912524969693,226.83772771262437,218.13781899018662,220.82440185546875,875100,0.0,0.0
2022-02-15 00:00:00-05:00,225.1307479222047,235.55706013603128,225.1307479222047,234.1216278076172,1042100,0.0,0.0
2022-02-16 00:00:00-05:00,233.7530652361977,240.51319629787108,229.0878990658046,238.5928192138672,1394800,0.0,0.0
2022-02-17 00:00:00-05:00,211.91112589070227,214.34554279102005,188.96354069888164,191.0876007080078,6180600,0.0,0.0
2022-02-18 00:00:00-05:00,193.99729940579124,195.34544520124967,181.3790277036457,185.01611328125,3060900,0.0,0.0
2022-02-22 00:00:00-05:00,183.4061071445586,193.61904221601807,182.9211624030863,186.07330322265625,1635500,0.0,0.0
2022-02-23 00:00:00-05:00,187.18863392924214,190.21468379376148,175.37538942018688,176.5198516845703,1644000,0.0,0.0
2022-02-24 00:00:00-05:00,167.07314362163098,179.390750907852,164.81329953146403,178.65362548828125,1979800,0.0,0.0
2022-02-25 00:00:00-05:00,178.84760468263912,186.21877025843753,174.75467011072016,186.17027282714844,1135300,0.0,0.0
2022-02-28 00:00:00-05:00,186.80072350111834,194.83140737207174,184.79304513371034,189.9916534423828,1583600,0.0,0.0
2022-03-01 00:00:00-05:00,188.62410753179378,191.01004223520408,178.69244843303866,180.82620239257812,992000,0.0,0.0
2022-03-02 00:00:00-05:00,183.45458151331982,186.32546076519176,178.2365863937357,185.36526489257812,840600,0.0,0.0
2022-03-03 00:00:00-05:00,187.67358721082064,188.96354180839683,178.95427672013804,180.719482421875,1071900,0.0,0.0
2022-03-04 00:00:00-05:00,177.48006522790072,179.1967587967792,169.45907580962228,173.6781005859375,1313900,0.0,0.0
2022-03-07 00:00:00-05:00,175.14263053664155,176.3355903610166,165.9868721852432,166.90826416015625,1051400,0.0,0.0
2022-03-08 00:00:00-05:00,166.36516183831947,179.06101314546135,164.89092550308652,175.2978515625,1463500,0.0,0.0
2022-03-09 00:00:00-05:00,182.86292452929803,184.21107008215853,176.74292533323327,181.49539184570312,1332400,0.0,0.0
2022-03-10 00:00:00-05:00,179.0609738810076,183.60975747364853,177.98439606953113,182.69805908203125,785600,0.0,0.0
2022-03-11 00:00:00-05:00,183.08601250113156,185.68530879522297,179.08036484265634,179.19674682617188,769600,0.0,0.0
2022-03-14 00:00:00-04:00,179.30343311305623,180.56429218372298,169.98279619432674,170.98178100585938,973200,0.0,0.0
2022-03-15 00:00:00-04:00,170.079806876213,177.19879156642438,167.5774904321051,176.47137451171875,834400,0.0,0.0
2022-03-16 00:00:00-04:00,180.27333854428107,188.13914219216122,180.16665011801044,185.49134826660156,890700,0.0,0.0
2022-03-17 00:00:00-04:00,182.56110046321612,191.07492634726415,182.56110046321612,190.85137939453125,706600,0.395,0.0
2022-03-18 00:00:00-04:00,191.1235112257212,193.47551467284796,189.17971750939566,192.66883850097656,1347100,0.0,0.0
2022-03-21 00:00:00-04:00,193.42687642154485,194.9916306292211,187.57605440632494,193.09642028808594,818500,0.0,0.0
2022-03-22 00:00:00-04:00,193.38799443631996,200.55088294867363,192.34807271534675,199.82196044921875,990600,0.0,0.0
2022-03-23 00:00:00-04:00,197.499143605918,206.25592791870886,196.96459743144854,202.35862731933594,903500,0.0,0.0
2022-03-24 00:00:00-04:00,202.1545094407837,208.64677214482498,200.6772223347874,208.1316680908203,753000,0.0,0.0
2022-03-25 00:00:00-04:00,208.09281852712166,211.89293846631318,206.45031060900743,211.46530151367188,836300,0.0,0.0
2022-03-28 00:00:00-04:00,211.30009082417584,212.81624748791725,204.41905957106837,208.3163604736328,832800,0.0,0.0
2022-03-29 00:00:00-04:00,211.87350650175452,217.5979781713784,208.1122705585289,216.22760009765625,859500,0.0,0.0
2022-03-30 00:00:00-04:00,214.67257382246837,220.23182480567743,213.25359794355057,216.87876892089844,934100,0.0,0.0
2022-03-31 00:00:00-04:00,216.08178227299126,223.5362277402102,214.85719784241957,214.9349365234375,1141500,0.0,0.0
2022-04-01 00:00:00-04:00,217.70488625207653,221.96179904134544,216.13041815959338,218.59902954101562,864500,0.0,0.0
2022-04-04 00:00:00-04:00,217.840932660938,219.99854458983643,213.9533457375127,219.68753051757812,744000,0.0,0.0
2022-04-05 00:00:00-04:00,220.61084263550939,221.8451407969429,210.97934254514627,211.1931610107422,1136100,0.0,0.0
2022-04-06 00:00:00-04:00,209.88111695061144,209.88111695061144,199.7345116978472,205.5270233154297,1381700,0.0,0.0
2022-04-07 00:00:00-04:00,206.0421409063598,208.95783157956302,200.03582523794663,205.8963623046875,847200,0.0,0.0
2022-04-08 00:00:00-04:00,206.6835885429821,208.65653797032056,200.40512834058663,205.0702362060547,736900,0.0,0.0
2022-04-11 00:00:00-04:00,201.51309263576908,203.27222359042108,195.7983491481101,200.21075439453125,1054000,0.0,0.0
2022-04-12 00:00:00-04:00,202.83485861791806,207.00430418285828,196.78965935269008,199.25828552246094,710100,0.0,0.0
2022-04-13 00:00:00-04:00,200.95908179916222,206.72242202538996,200.23015928508823,206.52804565429688,517400,0.0,0.0
2022-04-14 00:00:00-04:00,206.98484960820997,209.17161727008292,204.31213357703194,204.9633026123047,572600,0.0,0.0
2022-04-18 00:00:00-04:00,204.92443375650222,207.4416427563117,202.58215905167532,203.777587890625,565900,0.0,0.0
2022-04-19 00:00:00-04:00,204.234384156881,212.58297374988817,201.34784959888495,212.01927185058594,718300,0.0,0.0
2022-04-20 00:00:00-04:00,215.44033565750078,215.96516817041135,209.52148842501177,211.08624267578125,774000,0.0,0.0
2022-04-21 00:00:00-04:00,214.76974578946079,216.44140943354665,200.30793182127877,201.4158935546875,1190600,0.0,0.0
2022-04-22 00:00:00-04:00,201.68802801828107,204.77865272282196,194.73895700271575,195.00137329101562,877300,0.0,0.0
2022-04-25 00:00:00-04:00,192.53279167579265,194.5640527415596,185.72951302760168,192.88267517089844,1530000,0.0,0.0
2022-04-26 00:00:00-04:00,191.5025224858969,192.92149821711251,182.35698565479257,182.4833221435547,1013000,0.0,0.0
2022-04-27 00:00:00-04:00,182.0945804613284,190.8610935292325,182.0945804613284,186.8277130126953,1006900,0.0,0.0
2022-04-28 00:00:00-04:00,188.73263068795356,190.7736049480237,182.50276901299762,189.77255249023438,942300,0.0,0.0
2022-04-29 00:00:00-04:00,189.86975582506892,196.38146129505776,186.4098056557597,187.41085815429688,986900,0.0,0.0
2022-05-02 00:00:00-04:00,186.53612829153263,188.88813137833344,179.94666978908907,186.04046630859375,1020600,0.0,0.0
2022-05-03 00:00:00-04:00,185.214364844261,192.86318727662535,185.01997363650204,191.5802764892578,928300,0.0,0.0
2022-05-04 00:00:00-04:00,204.97302123555482,209.4145965576172,198.55851150240326,209.4145965576172,2090100,0.0,0.0
2022-05-05 00:00:00-04:00,231.31140639968453,236.34582400882329,215.11960439251473,229.8535614013672,3740500,0.0,0.0
2022-05-06 00:00:00-04:00,228.8816784818786,236.08343676527758,221.5924530525194,235.5974884033203,2321100,0.0,0.0
2022-05-09 00:00:00-04:00,231.3114087950355,232.67205820890211,214.56563322667625,215.4111785888672,2422200,0.0,0.0
2022-05-10 00:00:00-04:00,220.79546734087117,223.0502746210007,207.4999286779244,215.20706176757812,1907400,0.0,0.0
2022-05-11 00:00:00-04:00,214.7892013643018,221.54388142763787,206.65442956953342,207.04318237304688,1203900,0.0,0.0
2022-05-12 00:00:00-04:00,206.0906903256608,211.87347250369032,198.7625811829081,207.4513397216797,1387900,0.0,0.0
2022-05-13 00:00:00-04:00,211.19315044823313,224.71223675697848,209.44373346720062,222.389404296875,1078500,0.0,0.0
2022-05-16 00:00:00-04:00,219.7263952281873,227.38494553452878,217.38412075511056,219.95965576171875,974500,0.0,0.0
2022-05-17 00:00:00-04:00,225.9562618806039,232.60403153637188,224.73166258666976,232.5068359375,1141400,0.0,0.0
2022-05-18 00:00:00-04:00,230.4561673389988,238.01752335072086,227.5113211847405,229.34820556640625,1109200,0.0,0.0
2022-05-19 00:00:00-04:00,228.08469929767924,236.28750941783858,227.30719383962693,232.36105346679688,1067900,0.0,0.0
2022-05-20 00:00:00-04:00,234.86855951656034,236.28752039036772,221.68964266903754,229.79525756835938,1120100,0.0,0.0
2022-05-23 00:00:00-04:00,233.25521583768577,236.78320572282027,228.8622384536852,236.1125946044922,1003400,0.0,0.0
2022-05-24 00:00:00-04:00,236.44301696010945,242.87696806839188,230.7477019705834,236.31666564941406,2202500,0.0,0.0
2022-05-25 00:00:00-04:00,237.13309138413675,240.24315799208122,225.8590832466248,230.83518981933594,1532600,0.0,0.0
2022-05-26 00:00:00-04:00,232.41939700501229,251.03122937044205,230.64082410555022,247.8822784423828,2265500,0.0,0.0
2022-05-27 00:00:00-04:00,251.7212231992608,265.98865838421773,250.3314181586676,263.3062438964844,1952600,0.0,0.0
2022-05-31 00:00:00-04:00,257.64007427398764,258.2912580669288,247.11443198387335,253.10133361816406,2705900,0.0,0.0
2022-06-01 00:00:00-04:00,245.40392786733318,246.46329175913266,226.20896717275957,233.37184143066406,3401900,0.0,0.0
2022-06-02 00:00:00-04:00,227.02536571790392,244.41259855236586,226.45195017579275,244.22793579101562,1657700,0.0,0.0
2022-06-03 00:00:00-04:00,239.15466115259633,244.75278157979716,238.386854348659,243.7128448486328,927500,0.0,0.0
2022-06-06 00:00:00-04:00,247.08524772919588,252.45984911970515,245.88981916391145,250.5452117919922,1281000,0.0,0.0
2022-06-07 00:00:00-04:00,247.26022978319645,251.54629756017792,245.40390362627716,250.64244079589844,986000,0.0,0.0
2022-06-08 00:00:00-04:00,249.60255923964695,252.56683280503785,244.23768440853362,246.4924774169922,864200,0.0,0.0
2022-06-09 00:00:00-04:00,244.50178828055678,245.44599976240983,235.059688315125,235.35171508789062,1211000,0.395,0.0
2022-06-10 00:00:00-04:00,232.5385788619939,234.73848640185852,228.65465651529678,230.57228088378906,1096100,0.0,0.0
2022-06-13 00:00:00-04:00,222.15229068775412,222.99915514808447,213.2747698941886,216.3118133544922,1652500,0.0,0.0
2022-06-14 00:00:00-04:00,217.51882136070574,222.0938583510591,215.15342063599476,217.39227294921875,1033100,0.0,0.0
2022-06-15 00:00:00-04:00,219.79663604803963,219.97184324075582,205.2733173454026,209.3616485595703,1951800,0.0,0.0
2022-06-16 00:00:00-04:00,203.63796731530857,203.9981401735715,193.38793108906899,196.7948760986328,2158500,0.0,0.0
2022-06-17 00:00:00-04:00,197.7001376961814,207.86255444420365,195.02325260348772,206.40243530273438,2401400,0.0,0.0
2022-06-21 00:00:00-04:00,211.37659045656247,213.13848015849558,207.70683477538782,210.57839965820312,1347800,0.0,0.0
2022-06-22 00:00:00-04:00,203.8812878555839,214.83218077415535,202.83000035302913,210.4907684326172,1243200,0.0,0.0
2022-06-23 00:00:00-04:00,211.25978627657284,213.76146439064686,203.74503800622355,207.94044494628906,1163100,0.0,0.0
2022-06-24 00:00:00-04:00,210.98722876515671,220.56560735058156,208.70944633077536,218.81346130371094,2392000,0.0,0.0
2022-06-27 00:00:00-04:00,215.7472112960698,222.51242725090017,215.13395648220944,220.5948028564453,1238400,0.0,0.0
2022-06-28 00:00:00-04:00,219.99129963943344,226.59103744036835,216.31180032928745,217.25601196289062,1586100,0.0,0.0
2022-06-29 00:00:00-04:00,216.2533609052193,217.1975723771378,203.09281753477794,206.25640869140625,1405600,0.0,0.0
2022-06-30 00:00:00-04:00,202.43094245523966,206.31485021373018,198.4399438362174,203.42381286621094,1250700,0.0,0.0
2022-07-01 00:00:00-04:00,200.2115405379585,203.22912620386376,195.12059567747264,199.6956329345703,1003000,0.0,0.0
2022-07-05 00:00:00-04:00,195.8701244233581,195.8701244233581,189.89337043710455,195.1011199951172,1203300,0.0,0.0
2022-07-06 00:00:00-04:00,194.81883167377447,196.7851296328881,188.5500510430301,193.0277557373047,1486500,0.0,0.0
2022-07-07 00:00:00-04:00,198.26469672673147,201.0194565212455,196.9603272397897,197.602783203125,1594100,0.0,0.0
2022-07-08 00:00:00-04:00,198.13816752413973,203.00523125672436,194.95510368416146,200.4548797607422,907900,0.0,0.0
2022-07-11 00:00:00-04:00,196.31788830313823,196.88246951505675,191.94727429418572,194.50735473632812,897700,0.0,0.0
2022-07-12 00:00:00-04:00,192.48262854028704,194.28343308502417,188.02439668699012,190.61367797851562,938500,0.0,0.0
2022-07-13 00:00:00-04:00,186.50589950838392,192.8428115262056,184.2183734738097,190.78890991210938,881900,0.0,0.0
2022-07-14 00:00:00-04:00,187.54745847347203,191.5287136020706,185.12365504654505,191.43138122558594,992300,0.0,0.0
2022-07-15 00:00:00-04:00,195.02325182480712,196.152399334679,190.13671562533267,195.3639373779297,912500,0.0,0.0
2022-07-18 00:00:00-04:00,200.76639526459644,202.6742909379905,197.16477078077295,198.45941162109375,940300,0.0,0.0
2022-07-19 00:00:00-04:00,202.333606482089,206.66529092704369,201.50619957382818,205.89630126953125,780900,0.0,0.0
2022-07-20 00:00:00-04:00,208.0961623471033,214.65696918279716,205.02991833448203,213.67381286621094,933400,0.0,0.0
2022-07-21 00:00:00-04:00,213.66411966867327,220.059449195534,213.42076645720553,219.60194396972656,865200,0.0,0.0
2022-07-22 00:00:00-04:00,221.93811943181854,222.20094504790862,214.38444141581675,215.57200622558594,707700,0.0,0.0
2022-07-25 00:00:00-04:00,215.68882850711753,221.7337141958823,211.38634534444338,221.5195770263672,720600,0.0,0.0
2022-07-26 00:00:00-04:00,222.20095126937164,223.0283432645243,218.4727783412807,219.115234375,881500,0.0,0.0
2022-07-27 00:00:00-04:00,222.26904952996918,229.40416631271,219.05678469015194,228.06085205078125,786900,0.0,0.0
2022-07-28 00:00:00-04:00,230.78644345164346,232.70406790794283,226.40608573274454,230.03692626953125,1084000,0.0,0.0
2022-07-29 00:00:00-04:00,232.1589575357096,239.17727050223738,230.69883830592525,237.81448364257812,1506600,0.0,0.0
2022-08-01 00:00:00-04:00,236.05260110648473,237.46404667856322,231.15633597075083,233.58013916015625,957300,0.0,0.0
2022-08-02 00:00:00-04:00,232.64566675477795,240.06306777865345,232.29523754127433,237.40565490722656,1025400,0.0,0.0
2022-08-03 00:00:00-04:00,239.4595483783061,239.4595483783061,227.94407319221307,233.17129516601562,1407700,0.0,0.0
2022-08-04 00:00:00-04:00,239.6542401699892,243.49921794837547,223.90442742126882,228.6449432373047,2192000,0.0,0.0
2022-08-05 00:00:00-04:00,226.0556689272095,237.31806307648876,225.60790732021846,231.66253662109375,1428000,0.0,0.0
2022-08-08 00:00:00-04:00,237.06495888432005,246.8283034318186,236.5003925022143,238.3303985595703,1468800,0.0,0.0
2022-08-09 00:00:00-04:00,238.12596543176792,241.37716044719448,234.66061842341148,238.15516662597656,762000,0.0,0.0
2022-08-10 00:00:00-04:00,243.34347354057206,252.5032767875986,242.06829028380255,252.4059295654297,1359900,0.0,0.0
2022-08-11 00:00:00-04:00,256.0951500476666,265.20630859349563,256.0951500476666,258.6357727050781,1983300,0.0,0.0
2022-08-12 00:00:00-04:00,259.9012300024083,274.16172226167447,259.3658648193413,274.0838623046875,1995700,0.0,0.0
2022-08-15 00:00:00-04:00,269.2265332036124,281.4039383777303,268.86637517505375,276.5271301269531,1793900,0.0,0.0
2022-08-16 00:00:00-04:00,275.9333676821837,276.9846405881473,269.5185799632122,273.3440856933594,1297800,0.0,0.0
2022-08-17 00:00:00-04:00,268.17523066813294,276.06959434279884,266.6177642221049,270.2388610839844,987700,0.0,0.0
2022-08-18 00:00:00-04:00,271.4847855924067,274.5121144195848,268.58403487052453,272.0785827636719,1070700,0.0,0.0
2022-08-19 00:00:00-04:00,268.5840087443313,268.66186867902013,259.2197548900697,262.8408508300781,1223700,0.0,0.0
2022-08-22 00:00:00-04:00,257.95437539253885,269.7326754554757,256.3482503171836,268.3699035644531,1454300,0.0,0.0
2022-08-23 00:00:00-04:00,270.2096244808922,276.361599798169,268.8565962918766,273.55816650390625,1038700,0.0,0.0
2022-08-24 00:00:00-04:00,274.50240235286833,280.9269326044947,272.56532043799353,280.22607421875,795200,0.0,0.0
2022-08-25 00:00:00-04:00,282.8640273865294,290.24251318684173,282.43572336985795,287.8186950683594,1370000,0.0,0.0
2022-08-26 00:00:00-04:00,288.2372090290636,288.6557990503508,278.9021851670662,280.49859619140625,920700,0.0,0.0
2022-08-29 00:00:00-04:00,275.3492599004948,282.62065433285335,272.8962704641834,277.3934326171875,744300,0.0,0.0
2022-08-30 00:00:00-04:00,279.18454750515116,280.34291121618656,264.38865975292646,265.517822265625,1913400,0.0,0.0
2022-08-31 00:00:00-04:00,265.50815489111415,265.82936812914113,260.2614442557376,260.83575439453125,1558200,0.0,0.0
2022-09-01 00:00:00-04:00,257.24378846052474,257.24378846052474,242.9443669885789,250.12814331054688,1725600,0.0,0.0
2022-09-02 00:00:00-04:00,255.85181355337636,258.88885669799697,250.91660359026744,252.97052001953125,1194600,0.0,0.0
2022-09-06 00:00:00-04:00,261.83831647963433,263.3081794085655,251.84137707210786,259.6092224121094,1411900,0.0,0.0
2022-09-07 00:00:00-04:00,258.0128137050425,272.24410515333307,257.4385036747967,271.7768859863281,1386900,0.0,0.0
2022-09-08 00:00:00-04:00,270.3069603593511,284.51879094875807,269.61584569762044,283.681640625,1635200,0.0,0.0
2022-09-09 00:00:00-04:00,287.1567806184674,294.49632156624875,287.1567806184674,292.3840026855469,1580700,0.0,0.0
2022-09-12 00:00:00-04:00,292.4035175879396,292.42297515185896,284.0418745697668,289.0744323730469,1060900,0.0,0.0
2022-09-13 00:00:00-04:00,278.9411343221695,298.9544965831826,277.95797801249546,290.1645812988281,1957100,0.0,0.0
2022-09-14 00:00:00-04:00,288.5974030528002,300.04471600874064,287.2540887967904,298.8863525390625,1590600,0.0,0.0
2022-09-15 00:00:00-04:00,294.49554907938153,296.15249443256545,279.2127817588669,279.4856872558594,1618900,0.395,0.0
2022-09-16 00:00:00-04:00,274.1347218498061,280.752686271564,270.01187165818106,280.04119873046875,1925100,0.0,0.0
2022-09-19 00:00:00-04:00,274.7098040950853,290.1680030467592,274.6805652850612,289.4272766113281,1134700,0.0,0.0
2022-09-20 00:00:00-04:00,285.95749188938817,286.5520243291888,277.1075011477611,280.3628845214844,903700,0.0,0.0
2022-09-21 00:00:00-04:00,283.44283781413696,289.9925996246015,277.6338322587658,277.80926513671875,995100,0.0,0.0
2022-09-22 00:00:00-04:00,281.79561797386333,282.526617963659,263.8812401314888,265.2555236816406,1576200,0.0,0.0
2022-09-23 00:00:00-04:00,258.28671356788016,263.0138537084885,253.71552369159278,262.6239929199219,1485300,0.0,0.0
2022-09-26 00:00:00-04:00,260.0313101830293,267.65318037870145,257.7310815430874,258.3158874511719,1256300,0.0,0.0
2022-09-27 00:00:00-04:00,264.3198702796769,269.3296417553119,258.3646411510258,262.8481140136719,1160400,0.0,0.0
2022-09-28 00:00:00-04:00,260.23598843022063,271.9319879102306,257.84804330526606,270.9085998535156,1179200,0.0,0.0
2022-09-29 00:00:00-04:00,266.88322633384183,267.1366194338444,255.4601321305237,258.71551513671875,1014400,0.0,0.0
2022-09-30 00:00:00-04:00,256.53232837859645,263.67662334499653,255.09956691060026,257.74090576171875,1078000,0.0,0.0
2022-10-03 00:00:00-04:00,263.8909845048573,268.7448349278568,255.7232735586674,266.7955017089844,1524700,0.0,0.0
2022-10-04 00:00:00-04:00,277.69228998312053,281.72739460919587,271.63961817177415,276.5909118652344,1266500,0.0,0.0
2022-10-05 00:00:00-04:00,273.316068939588,274.047069017646,261.8832170107524,269.7877502441406,1118800,0.0,0.0
2022-10-06 00:00:00-04:00,267.43882073524406,278.0724086803629,267.43882073524406,273.8228759765625,1359600,0.0,0.0
2022-10-07 00:00:00-04:00,269.47589186402917,269.9534690854052,259.5245222615123,265.6259460449219,1031600,0.0,0.0
2022-10-10 00:00:00-04:00,266.6103318904895,271.39594885709687,262.896854220433,271.0548095703125,1030000,0.0,0.0
2022-10-11 00:00:00-04:00,267.1659018402826,268.8813249237497,260.7720900221398,266.07427978515625,1412400,0.0,0.0
2022-10-12 00:00:00-04:00,265.10932811749143,265.9182883473439,239.22218433969363,245.07992553710938,3589500,0.0,0.0
2022-10-13 00:00:00-04:00,231.48333057761192,251.40551938666977,225.80102219392302,249.51466369628906,2691200,0.0,0.0
2022-10-14 00:00:00-04:00,252.42890151751183,254.4172297753528,230.87903656013472,231.45408630371094,1985700,0.0,0.0
2022-10-17 00:00:00-04:00,238.81284059859405,245.04096025844152,237.52627340730018,241.74658203125,1327600,0.0,0.0
2022-10-18 00:00:00-04:00,249.03707371649958,251.40552144122088,243.32552647626116,245.2943572998047,973900,0.0,0.0
2022-10-19 00:00:00-04:00,243.66667479643843,250.3236352643116,241.58088865507028,250.0117645263672,1151200,0.0,0.0
2022-10-20 00:00:00-04:00,251.78561232174002,254.60241310252,246.21053299393074,248.92010498046875,1067800,0.0,0.0
2022-10-21 00:00:00-04:00,249.4854402773686,264.49530174242545,248.062420329406,263.1697692871094,1318400,0.0,0.0
2022-10-24 00:00:00-04:00,262.18537265461754,264.0177510218766,252.3217492677673,263.7156066894531,991600,0.0,0.0
2022-10-25 00:00:00-04:00,263.2087336175071,275.06068440204774,262.05863403628285,274.3004455566406,1103500,0.0,0.0
2022-10-26 00:00:00-04:00,276.24001232827476,279.79753935951265,272.3121072413612,275.0021667480469,1051200,0.0,0.0
2022-10-27 00:00:00-04:00,276.80532485585616,277.2926581742644,267.35104658095105,275.0216979980469,1000200,0.0,0.0
2022-10-28 00:00:00-04:00,274.076314382145,278.5889966532004,269.12499041151295,273.0626525878906,940600,0.0,0.0
2022-10-31 00:00:00-04:00,270.8403910206978,274.3979185749523,266.7955301098476,272.77996826171875,2300800,0.0,0.0
2022-11-01 00:00:00-04:00,278.423290568454,280.58705181262616,271.8248077772531,271.9320068359375,1276200,0.0,0.0
2022-11-02 00:00:00-04:00,269.1834102187688,272.4193104185839,258.77397823303767,259.76812744140625,1594800,0.0,0.0
2022-11-03 00:00:00-04:00,246.59065196867056,271.444650487252,244.153985447241,267.6044616699219,2240900,0.0,0.0
2022-11-04 00:00:00-04:00,276.698123657684,279.47589975550017,268.4621787426593,277.7702331542969,1480500,0.0,0.0
2022-11-07 00:00:00-05:00,279.5539259733524,280.976931108044,274.5441245723401,279.2322692871094,871800,0.0,0.0
2022-11-08 00:00:00-05:00,282.98471195231417,303.6379006716929,281.21081150838165,298.25775146484375,2023100,0.0,0.0
2022-11-09 00:00:00-05:00,296.795747515272,302.63399115983674,290.05104129139147,292.5267028808594,1428100,0.0,0.0
2022-11-10 00:00:00-05:00,303.23830155852926,312.68282434249,296.57158484240415,312.6438293457031,1473300,0.0,0.0
2022-11-11 00:00:00-05:00,314.81737324109844,326.07476277035283,311.14289014997775,317.1370849609375,1421500,0.0,0.0
2022-11-14 00:00:00-05:00,314.57361406932193,315.5190417676898,301.81523310521834,308.33575439453125,1628600,0.0,0.0
2022-11-15 00:00:00-05:00,293.0530422353299,293.6962960656457,273.4914749310424,288.3648681640625,3161100,0.0,0.0
2022-11-16 00:00:00-05:00,287.8775408130215,289.22258561149397,278.0919086093625,279.5051574707031,1486600,0.0,0.0
2022-11-17 00:00:00-05:00,276.454484582626,276.8053503268224,268.05283241481794,270.4212951660156,1683400,0.0,0.0
2022-11-18 00:00:00-05:00,273.8813452634458,273.8813452634458,267.40954403752744,269.96319580078125,1266200,0.0,0.0
2022-11-21 00:00:00-05:00,268.1892569718168,279.2712111136556,262.74087441482635,275.71368408203125,1363100,0.0,0.0
2022-11-22 00:00:00-05:00,276.47393258171167,278.53046483971434,270.41150511238374,275.9183654785156,1239300,0.0,0.0
2022-11-23 00:00:00-05:00,274.9437109725215,281.71765606916597,272.7312283911179,276.7078552246094,994300,0.0,0.0
2022-11-25 00:00:00-05:00,269.78769270208915,270.64540403652074,259.953310652159,265.9085388183594,1341900,0.0,0.0
2022-11-28 00:00:00-05:00,260.40173493572706,261.5908295890487,256.8246947897979,259.3685607910156,1662900,0.0,0.0
2022-11-29 00:00:00-05:00,262.28273640312347,267.4679688335679,259.64139876527315,263.1794128417969,1219000,0.0,0.0
2022-11-30 00:00:00-05:00,263.3549390613408,271.2692274501467,261.5517998213575,270.94757080078125,1604800,0.0,0.0
2022-12-01 00:00:00-05:00,273.15034812142693,273.41349742766573,261.95143703335793,268.3160095214844,1086100,0.0,0.0
2022-12-02 00:00:00-05:00,266.7565597126811,278.16989964821744,265.78189290960785,277.0782775878906,1178200,0.0,0.0
2022-12-05 00:00:00-05:00,274.23218105632026,275.20684765901314,258.40360494681676,258.5108337402344,1872000,0.0,0.0
2022-12-06 00:00:00-05:00,260.60642043222674,260.60642043222674,248.9201598462652,251.45428466796875,1775700,0.0,0.0
2022-12-07 00:00:00-05:00,254.1248318050477,258.65702551902933,250.07021520397925,251.08384704589844,1240400,0.0,0.0
2022-12-08 00:00:00-05:00,256.98064221191134,256.98064221191134,247.90649703111703,249.54393005371094,1412600,0.0,0.0
2022-12-09 00:00:00-05:00,250.46009654621432,251.191096552119,245.976623894439,246.83433532714844,1186400,0.0,0.0
2022-12-12 00:00:00-05:00,245.97662495624914,254.48547576971782,244.24171945785827,252.78953552246094,1243500,0.0,0.0
2022-12-13 00:00:00-05:00,262.03912144716384,262.18531548832027,252.97470421743193,255.27493286132812,940800,0.0,0.0
2022-12-14 00:00:00-05:00,253.87140234996608,256.41526781704,240.4112594151983,241.5808563232422,1988600,0.0,0.0
2022-12-15 00:00:00-05:00,235.0060211283904,240.7266851573439,232.1164110807117,234.781494140625,1955800,0.395,0.0
2022-12-16 00:00:00-05:00,233.0438277788014,238.774248875304,231.27686750246076,237.08538818359375,2508600,0.0,0.0
2022-12-19 00:00:00-05:00,236.9779733353736,237.34894259175445,225.7904587505661,227.79171752929688,1271400,0.0,0.0
2022-12-20 00:00:00-05:00,224.64833051312468,230.6716219147117,223.6233087429414,227.94796752929688,1033700,0.0,0.0
2022-12-21 00:00:00-05:00,228.7191507550094,232.04807287724708,221.6513097659217,227.0986328125,1381400,0.0,0.0
2022-12-22 00:00:00-05:00,223.69160160877868,223.92590034886675,216.85804476391385,220.6067352294922,1228600,0.0,0.0
2022-12-23 00:00:00-05:00,219.14240372863014,221.75868754888813,215.97945263484982,221.56344604492188,678700,0.0,0.0
2022-12-27 00:00:00-05:00,219.9331240368087,220.79220446120547,208.44299784035545,209.06777954101562,1871700,0.0,0.0
2022-12-28 00:00:00-05:00,208.36491330970816,211.85979132059595,205.4167174643721,208.9506378173828,1754800,0.0,0.0
2022-12-29 00:00:00-05:00,212.68958581472805,216.57496198947337,211.7133633399429,212.29910278320312,1285600,0.0,0.0
2022-12-30 00:00:00-05:00,210.02447910344915,213.2850582289628,208.52110321490943,211.70358276367188,951800,0.0,0.0
2023-01-03 00:00:00-05:00,213.93914775288988,214.26130295461934,203.61072715719195,209.39971923828125,2293400,0.0,0.0
2023-01-04 00:00:00-05:00,213.89032837016845,219.5133638889143,210.54187787724192,218.25404357910156,1734700,0.0,0.0
2023-01-05 00:00:00-05:00,216.994737371821,219.4743508780041,211.8890978379648,213.41200256347656,1549000,0.0,0.0
2023-01-06 00:00:00-05:00,214.76891478161807,217.6975818013674,210.17090100638447,216.3699188232422,1618100,0.0,0.0
2023-01-09 00:00:00-05:00,219.33763693377426,224.96068736946992,218.67381286621094,218.67381286621094,1467700,0.0,0.0
2023-01-10 00:00:00-05:00,219.99172151587962,221.98320863698956,215.42299298537688,218.57618713378906,896500,0.0,0.0
2023-01-11 00:00:00-05:00,222.88134544195734,232.38975747884734,222.04179353811716,230.9351806640625,1931400,0.0,0.0
2023-01-12 00:00:00-05:00,232.3994936167415,238.94995223414887,230.05656590126523,237.4270477294922,1462200,0.0,0.0
2023-01-13 00:00:00-05:00,230.38850554511447,236.55823877588114,227.79175017029283,236.47036743164062,1262900,0.0,0.0
2023-01-17 00:00:00-05:00,237.72968712303813,239.59426061828967,236.01152613595391,237.29039001464844,1354300,0.0,0.0
2023-01-18 00:00:00-05:00,239.76999675172564,245.89091568949428,237.75898088630828,238.00303649902344,1181600,0.0,0.0
2023-01-19 00:00:00-05:00,236.43132760832088,238.1982879346443,230.22255196631664,233.424560546875,1452500,0.0,0.0
2023-01-20 00:00:00-05:00,235.63078392887812,242.94269469528876,234.01026614829271,242.5814971923828,1266600,0.0,0.0
2023-01-23 00:00:00-05:00,243.56748024038444,254.89166564081083,242.9915126196587,254.44261169433594,1977000,0.0,0.0
2023-01-24 00:00:00-05:00,250.88915876674054,260.6513828432674,246.64258533506262,258.2401123046875,1740700,0.0,0.0
2023-01-25 00:00:00-05:00,257.9472423006667,264.84911167422916,254.53046407520216,264.5367431640625,1272900,0.0,0.0
2023-01-26 00:00:00-05:00,271.0676842236586,278.652921471207,269.2030958831483,272.80535888671875,1849400,0.0,0.0
2023-01-27 00:00:00-05:00,274.55279531602565,278.5455416052869,271.5558150035312,275.0213928222656,1234100,0.0,0.0
2023-01-30 00:00:00-05:00,270.27694115921685,274.12326010874256,265.2689448686004,265.51300048828125,1129000,0.0,0.0
2023-01-31 00:00:00-05:00,265.8741825042784,275.72426316404596,264.6441327195333,274.7578125,1554400,0.0,0.0
2023-02-01 00:00:00-05:00,273.4789388452849,282.3918237261627,272.82485677329373,279.1019592285156,1329400,0.0,0.0
2023-02-02 00:00:00-05:00,281.83547169200233,284.16862817408145,278.7115475089231,283.2509765625,1209300,0.0,0.0
2023-02-03 00:00:00-05:00,281.5620671029869,285.0374163326283,278.3405154292571,280.4003601074219,1166900,0.0,0.0
2023-02-06 00:00:00-05:00,279.55109399697193,283.28027153988444,270.0134097644585,270.2281799316406,1415700,0.0,0.0
2023-02-07 00:00:00-05:00,270.8040936490472,273.6156189884671,266.7625483175893,272.6979675292969,1068000,0.0,0.0
2023-02-08 00:00:00-05:00,271.38004168808413,274.65039252071995,261.4225915879287,261.7740173339844,1523600,0.0,0.0
2023-02-09 00:00:00-05:00,264.5562837514877,269.945020946344,259.772799708466,261.0321350097656,1202900,0.0,0.0
2023-02-10 00:00:00-05:00,258.67944207602164,262.44764652830133,253.14424753591138,261.9107360839844,1391300,0.0,0.0
2023-02-13 00:00:00-05:00,262.0181299379394,265.1420540561653,261.52027668935875,263.5117492675781,843500,0.0,0.0
2023-02-14 00:00:00-05:00,260.8856464975261,267.3287198477878,260.08516682707784,264.2633972167969,1168500,0.0,0.0
2023-02-15 00:00:00-05:00,261.813082038606,266.59656573423416,261.73496756484843,266.3037109375,1542100,0.0,0.0
2023-02-16 00:00:00-05:00,269.92552960745775,286.04297311491024,256.77581093363716,278.82867431640625,3076300,0.0,0.0
2023-02-17 00:00:00-05:00,272.23915417603524,272.40512510361935,246.51570114875577,251.8751678466797,5758300,0.0,0.0
2023-02-21 00:00:00-05:00,250.37178546345885,250.80132574629437,235.640591531333,236.20680236816406,3003300,0.0,0.0
2023-02-22 00:00:00-05:00,237.22204723853682,241.72243317499155,236.411780845226,240.5900115966797,1993500,0.0,0.0
2023-02-23 00:00:00-05:00,244.05559428609004,248.5950223814228,239.7992641259018,247.81405639648438,2271300,0.0,0.0
2023-02-24 00:00:00-05:00,242.92318188670197,245.03182587564515,238.74495114711374,243.58702087402344,1301700,0.0,0.0
2023-02-27 00:00:00-05:00,247.23811527485861,254.01311698609072,246.16427941776098,250.90870666503906,1907600,0.0,0.0
2023-02-28 00:00:00-05:00,251.33821723945286,254.78428120858308,248.21430845814143,248.26312255859375,1630900,0.0,0.0
2023-03-01 00:00:00-05:00,249.41505214000304,250.23506043831722,243.87010147775732,246.6328125,1311500,0.0,0.0
2023-03-02 00:00:00-05:00,240.51191326267104,246.08614984469338,236.73393725747923,244.42657470703125,1801000,0.0,0.0
2023-03-03 00:00:00-05:00,245.4223402582873,253.35903426422556,243.77253668058634,253.2028350830078,1186100,0.0,0.0
2023-03-06 00:00:00-05:00,254.04237872223763,256.99055979420683,249.0831519959961,250.78179931640625,971800,0.0,0.0
2023-03-07 00:00:00-05:00,248.4095439695268,250.93794136705094,241.1562042146788,242.9817352294922,1331500,0.0,0.0
2023-03-08 00:00:00-05:00,243.01104443566643,248.30218316013728,242.32769170799546,247.22833251953125,921800,0.0,0.0
2023-03-09 00:00:00-05:00,246.8964412713516,249.2491411211396,230.62281363971687,231.1206817626953,1708800,0.0,0.0
2023-03-10 00:00:00-05:00,229.4122889064207,229.4415743899224,218.5859848900832,219.7769775390625,2619300,0.0,0.0
2023-03-13 00:00:00-04:00,214.88606731014377,224.58972023158722,210.68832295792916,217.68783569335938,1838300,0.0,0.0
2023-03-14 00:00:00-04:00,223.2132452361756,224.1504252920291,216.87757140964675,220.00148010253906,2037900,0.0,0.0
2023-03-15 00:00:00-04:00,212.82624173461488,214.06604836323388,205.10433381084647,209.3020782470703,3029300,0.0,0.0
2023-03-16 00:00:00-04:00,208.01105816254386,210.73004293630456,202.7198344876528,209.89869689941406,1928100,0.4,0.0
2023-03-17 00:00:00-04:00,208.50985843161598,208.50985843161598,202.10364710177635,203.9130401611328,2300300,0.0,0.0
2023-03-20 00:00:00-04:00,204.16733146534833,210.67133868980855,200.16712242098822,208.51963806152344,1795300,0.0,0.0
2023-03-21 00:00:00-04:00,213.78156012579976,218.99455352579503,212.0112970703573,218.0360565185547,1905100,0.0,0.0
2023-03-22 00:00:00-04:00,218.4859504317324,220.8821629446205,211.32665311341987,211.3657684326172,1515900,0.0,0.0
2023-03-23 00:00:00-04:00,213.7815430983826,219.63026074704996,208.39250879392938,210.9060821533203,1422800,0.0,0.0
2023-03-24 00:00:00-04:00,207.74701201822415,213.15561191020885,204.08911007038301,213.00889587402344,1588200,0.0,0.0
2023-03-27 00:00:00-04:00,216.09950088152198,217.08733799060397,211.8450050074858,214.074951171875,2045000,0.0,0.0
2023-03-28 00:00:00-04:00,217.41988798570102,219.77698523746736,211.7178712170858,213.3707733154297,1817500,0.0,0.0
2023-03-29 00:00:00-04:00,218.1045152921328,219.77698249156907,213.76198354155522,219.532470703125,1373900,0.0,0.0
2023-03-30 00:00:00-04:00,223.64026288371863,224.2857775786124,217.5470184490263,217.5568084716797,1294000,0.0,0.0
2023-03-31 00:00:00-04:00,218.32947152479497,219.64006611037772,214.4075076388869,216.1875457763672,1835400,0.0,0.0
2023-04-03 00:00:00-04:00,216.3636019538898,218.38815188979507,212.53943383473825,213.6348419189453,1507600,0.0,0.0
2023-04-04 00:00:00-04:00,212.17754769673587,212.17754769673587,202.6513632363551,204.96934509277344,2212500,0.0,0.0
2023-04-05 00:00:00-04:00,196.54837859856497,196.70485481381488,189.01740296202445,192.3916778564453,4657500,0.0,0.0
2023-04-06 00:00:00-04:00,190.8952430766428,191.68747383528589,188.78267249170844,190.40621948242188,2014400,0.0,0.0
2023-04-10 00:00:00-04:00,190.20083698408018,195.51162602747056,189.3401506869116,195.4333953857422,2008200,0.0,0.0
2023-04-11 00:00:00-04:00,196.89066306739227,197.9078404281233,192.7241877145214,197.28189086914062,1736700,0.0,0.0
2023-04-12 00:00:00-04:00,201.33099909732104,202.22101060558072,197.01780785617606,197.2720947265625,1320100,0.0,0.0
2023-04-13 00:00:00-04:00,198.7294009723305,200.83219635600454,195.5703128854935,198.5533447265625,1280100,0.0,0.0
2023-04-14 00:00:00-04:00,200.0986506469438,207.80566649505977,199.06192311891078,199.5216064453125,2266800,0.0,0.0
2023-04-17 00:00:00-04:00,200.5192115516201,203.7956602341448,200.03996312172225,201.3798828125,3497800,0.0,0.0
2023-04-18 00:00:00-04:00,205.04756907094045,207.56115728781282,199.46292847296502,200.76373291015625,2059800,0.0,0.0
2023-04-19 00:00:00-04:00,197.9958626928394,200.49966094907603,197.08627110473552,199.3064422607422,1092600,0.0,0.0
2023-04-20 00:00:00-04:00,194.00542419571087,195.95174330573883,188.81199645996094,188.81199645996094,2432500,0.0,0.0
2023-04-21 00:00:00-04:00,184.3618789782627,184.42055941665237,168.04806045809988,169.93568420410156,8800100,0.0,0.0
2023-04-24 00:00:00-04:00,174.64010597978026,180.74312589208165,173.8087748124723,179.92156982421875,5918200,0.0,0.0
2023-04-25 00:00:00-04:00,175.98979251857148,176.66464738604284,172.46881708994428,172.78179931640625,2720700,0.0,0.0
2023-04-26 00:00:00-04:00,173.63270626520912,178.97285017594928,173.63270626520912,177.22213745117188,3286500,0.0,0.0
2023-04-27 00:00:00-04:00,177.8578588314835,184.78241868869912,176.53748936806954,181.916748046875,2417800,0.0,0.0
2023-04-28 00:00:00-04:00,181.2321349771505,181.91676497886718,178.6989965088915,181.3886260986328,2516500,0.0,0.0
2023-05-01 00:00:00-04:00,183.4131599533472,183.6674468108084,173.19257138481822,173.37840270996094,1906200,0.0,0.0
2023-05-02 00:00:00-04:00,171.50055696670586,172.34167803048234,168.478380226368,169.59335327148438,2315100,0.0,0.0
2023-05-03 00:00:00-04:00,176.48860466289847,178.37624341668763,168.89896417597703,169.1141357421875,3640800,0.0,0.0
2023-05-04 00:00:00-04:00,169.20215685358113,180.87025218300084,168.83049416117206,171.79397583007812,4558400,0.0,0.0
2023-05-05 00:00:00-04:00,175.4909737788766,180.93870297233914,175.4909737788766,175.7550506591797,2363000,0.0,0.0
2023-05-08 00:00:00-04:00,179.96067455207066,182.78723020215872,179.0413078486138,181.79940795898438,2718600,0.0,0.0
2023-05-09 00:00:00-04:00,183.38384740241338,193.0567334764467,183.38384740241338,190.88546752929688,3323700,0.0,0.0
2023-05-10 00:00:00-04:00,194.46508408484877,195.41379085550363,188.0197580265829,190.2399139404297,2329100,0.0,0.0
2023-05-11 00:00:00-04:00,195.0617278653528,197.25254395124347,192.96870754111637,194.16192626953125,2400600,0.0,0.0
2023-05-12 00:00:00-04:00,194.2206118104405,196.35274751055357,190.10302659463918,191.49185180664062,1428900,0.0,0.0
2023-05-15 00:00:00-04:00,196.25493760683054,203.60006606525803,196.25493760683054,199.277099609375,2564300,0.0,0.0
2023-05-16 00:00:00-04:00,197.82961371109758,203.21864847558655,197.17432387004408,201.15496826171875,2260200,0.0,0.0
2023-05-17 00:00:00-04:00,200.6072459993429,205.0280231740561,198.8565482156177,203.4240264892578,1581100,0.0,0.0
2023-05-18 00:00:00-04:00,207.41444828867742,208.01104267161193,203.717416652165,205.5268096923828,2021800,0.0,0.0
2023-05-19 00:00:00-04:00,203.92283077415692,204.83240746022187,198.9836896819143,199.66831970214844,1577600,0.0,0.0
2023-05-22 00:00:00-04:00,204.90089276108267,205.94741045078825,200.71485184989282,201.9667510986328,1882300,0.0,0.0
2023-05-23 00:00:00-04:00,201.88849596809806,215.26818907555372,201.48749304484,211.32666015625,4014300,0.0,0.0
2023-05-24 00:00:00-04:00,209.58571280926492,210.0943014952614,204.89109852682458,207.57093811035156,1787200,0.0,0.0
2023-05-25 00:00:00-04:00,206.85699971726163,207.20909733500966,198.3479913661377,200.47035217285156,2912500,0.0,0.0
2023-05-26 00:00:00-04:00,203.72722159236167,204.04997893838274,196.60703962993793,199.5118408203125,1743500,0.0,0.0
2023-05-30 00:00:00-04:00,200.2551753532384,201.5070746450578,194.72921433499562,197.42861938476562,1690100,0.0,0.0
2023-05-31 00:00:00-04:00,195.54095940946817,196.5581368021461,188.20560578921737,189.28146362304688,2551600,0.0,0.0
2023-06-01 00:00:00-04:00,189.07607880779474,193.29145956082448,187.44272696365368,191.24732971191406,1614900,0.0,0.0
2023-06-02 00:00:00-04:00,198.7587421973456,205.55616687705415,198.015431738984,203.78590393066406,2112300,0.0,0.0
2023-06-05 00:00:00-04:00,204.76395477336618,204.9399960993872,200.21604143203868,201.64398193359375,1242500,0.0,0.0
2023-06-06 00:00:00-04:00,199.52161537670077,210.62245631939123,199.06193202972182,208.43162536621094,1607600,0.0,0.0
2023-06-07 00:00:00-04:00,209.21408103237547,214.3292637316788,208.5881314186394,214.01629638671875,1918500,0.0,0.0
2023-06-08 00:00:00-04:00,213.9967303697671,215.7083129699671,211.590727691007,214.79872131347656,1609700,0.0,0.0
2023-06-09 00:00:00-04:00,215.219275084472,217.93824492640954,213.5663730381817,215.65939331054688,1492600,0.0,0.0
2023-06-12 00:00:00-04:00,215.33664416816734,215.72787199143792,212.33404710912,213.75221252441406,1478700,0.0,0.0
2023-06-13 00:00:00-04:00,216.00173312971685,224.5400811272243,214.72047874367803,223.82611083984375,2178500,0.0,0.0
2023-06-14 00:00:00-04:00,226.22231831759214,228.60875585201788,220.07039312738243,221.82110595703125,1942700,0.0,0.0
2023-06-15 00:00:00-04:00,220.69435248707487,227.66055439999047,220.1162887367507,226.23988342285156,1367900,0.4,0.0
2023-06-16 00:00:00-04:00,226.68076755128308,227.20983952677673,222.604899550525,223.55528259277344,2348800,0.0,0.0
2023-06-20 00:00:00-04:00,223.94721832455764,228.87548624556104,220.53758996058068,227.5233917236328,2286600,0.0,0.0
2023-06-21 00:00:00-04:00,225.3482769848347,228.31699439431605,224.54485421254063,225.72059631347656,1553500,0.0,0.0
2023-06-22 00:00:00-04:00,224.14316531224694,224.14316531224694,217.91179475855222,221.42918395996094,1594700,0.0,0.0
2023-06-23 00:00:00-04:00,217.20635296261557,217.47089643620347,213.7869323453506,215.7268829345703,3467300,0.0,0.0
2023-06-26 00:00:00-04:00,217.36312526285437,223.41812857659136,216.89282242184336,220.6649627685547,1688700,0.0,0.0
2023-06-27 00:00:00-04:00,220.25344540015482,223.37893036019221,216.9222010911028,222.4775390625,1174900,0.0,0.0
2023-06-28 00:00:00-04:00,220.91971093727906,221.08627092953952,212.31728575941204,212.61122131347656,1901300,0.0,0.0
2023-06-29 00:00:00-04:00,212.73857249394294,215.17820292765794,211.2591025231098,214.5511474609375,1604900,0.0,0.0
2023-06-30 00:00:00-04:00,214.85486990841937,219.30305712701957,212.21928751126728,218.57801818847656,1347900,0.0,0.0
2023-07-03 00:00:00-04:00,219.72436949509566,227.46460214098127,219.72436949509566,224.6232452392578,1496100,0.0,0.0
2023-07-05 00:00:00-04:00,223.58468450694454,227.4939927072089,221.85047831883543,224.3881072998047,1485200,0.0,0.0
2023-07-06 00:00:00-04:00,220.91968120276573,223.34953416915042,215.42314239724,222.96742248535156,1690400,0.0,0.0
2023-07-07 00:00:00-04:00,222.4089482594593,235.4007607360742,222.4089482594593,232.7161865234375,2140800,0.0,0.0
2023-07-10 00:00:00-04:00,232.69659543120585,236.31196808488193,232.0205481935029,235.0088653564453,1281700,0.0,0.0
2023-07-11 00:00:00-04:00,239.54523516185643,242.43556890481668,233.19628133676935,234.2544403076172,1526200,0.0,0.0
2023-07-12 00:00:00-04:00,235.14603533490234,241.7203331508875,235.14603533490234,238.51646423339844,1181900,0.0,0.0
2023-07-13 00:00:00-04:00,241.02466971227898,241.02466971227898,235.26358745704943,236.78224182128906,994800,0.0,0.0
2023-07-14 00:00:00-04:00,236.60589045180708,236.85083422284288,229.7572572315808,230.51168823242188,1080400,0.0,0.0
2023-07-17 00:00:00-04:00,229.38495067422352,234.60715395719396,229.26738244164505,232.85336303710938,880100,0.0,0.0
2023-07-18 00:00:00-04:00,233.19625936832296,234.2936176144446,230.3255255851282,232.236083984375,1071300,0.0,0.0
2023-07-19 00:00:00-04:00,232.20669470498635,232.7455739907515,226.8571161729436,227.8173065185547,1242500,0.0,0.0
2023-07-20 00:00:00-04:00,225.34827565288583,226.84733037751874,217.08877863873903,218.59762573242188,2255800,0.0,0.0
2023-07-21 00:00:00-04:00,216.28536746524455,216.64787949188664,207.29103863530298,211.62164306640625,2832600,0.0,0.0
2023-07-24 00:00:00-04:00,209.5934995370324,210.05399505627807,204.13615969326088,206.53660583496094,2291700,0.0,0.0
2023-07-25 00:00:00-04:00,208.33938116504314,213.36563232064222,207.13426195206966,208.21200561523438,2097700,0.0,0.0
2023-07-26 00:00:00-04:00,207.19305564486842,208.79988631983656,203.93040254657316,205.7723846435547,1626900,0.0,0.0
2023-07-27 00:00:00-04:00,206.66395914521974,206.6835588336953,200.96167571374846,201.78468322753906,2250200,0.0,0.0
2023-07-28 00:00:00-04:00,206.07611027994005,207.67314856769283,201.46136271879186,203.84222412109375,1828100,0.0,0.0
2023-07-31 00:00:00-04:00,203.86183384104478,211.4550916708781,202.62730751607725,207.98667907714844,3307800,0.0,0.0
2023-08-01 00:00:00-04:00,205.75277461032644,206.77173415412614,201.7650827072676,203.78343200683594,1944300,0.0,0.0
2023-08-02 00:00:00-04:00,201.33399663276052,201.55934072637115,196.9348009216492,198.7865753173828,2041500,0.0,0.0
2023-08-03 00:00:00-04:00,210.20096421460033,210.64187501345614,194.79891186985506,195.3181915283203,3202400,0.0,0.0
2023-08-04 00:00:00-04:00,196.83681307672074,201.69650418701423,195.2299824987542,196.04319763183594,2147300,0.0,0.0
2023-08-07 00:00:00-04:00,196.10198133081917,196.3861244834363,190.78180968553167,192.770751953125,1723500,0.0,0.0
2023-08-08 00:00:00-04:00,189.9882091738917,191.74200017199954,187.65633945613038,191.69300842285156,1505900,0.0,0.0
2023-08-09 00:00:00-04:00,192.5258173021248,193.5447768817759,190.18415528765334,190.29193115234375,1077800,0.0,0.0
2023-08-10 00:00:00-04:00,191.59503520608763,191.85957868489422,187.2938228589225,187.7935028076172,1954200,0.0,0.0
2023-08-11 00:00:00-04:00,186.48058610413915,186.6569384361479,182.98278201749116,183.69802856445312,1782700,0.0,0.0
2023-08-14 00:00:00-04:00,181.042851850591,182.21857904594216,178.39746192350532,181.7874755859375,2802500,0.0,0.0
2023-08-15 00:00:00-04:00,179.1812670965306,181.21920100784203,175.65407091345682,180.3177947998047,2676500,0.0,0.0
2023-08-16 00:00:00-04:00,178.51501378345236,183.01217774200776,176.21255135170753,177.8585662841797,1851200,0.0,0.0
2023-08-17 00:00:00-04:00,177.61365692757846,180.95469413323875,176.39873023001547,178.98533630371094,2091300,0.0,0.0
2023-08-18 00:00:00-04:00,177.13354779621812,179.9553050920194,176.67306721687268,179.68096923828125,1775100,0.0,0.0
2023-08-21 00:00:00-04:00,182.21858539789264,184.72680748879108,181.94424954108706,184.26632690429688,1787100,0.0,0.0
2023-08-22 00:00:00-04:00,185.92213881510975,186.61778579359085,182.12062115932753,184.35450744628906,1869900,0.0,0.0
2023-08-23 00:00:00-04:00,184.70719905283423,188.45973933794326,182.98278537393153,187.90126037597656,1189200,0.0,0.0
2023-08-24 00:00:00-04:00,188.15598927387245,189.02798844835135,185.5204070140603,186.88229370117188,1281300,0.0,0.0
2023-08-25 00:00:00-04:00,186.15726299118097,187.00966251660896,181.90504278247852,185.90252685546875,1761100,0.0,0.0
2023-08-28 00:00:00-04:00,185.6379901971987,189.0769954310311,185.18728707116637,185.80455017089844,1176300,0.0,0.0
2023-08-29 00:00:00-04:00,186.7745251310648,194.76947828674486,185.6281901008406,193.75051879882812,1713000,0.0,0.0
2023-08-30 00:00:00-04:00,193.2214526424586,195.19079519705673,191.75179000315748,194.5735321044922,1081400,0.0,0.0
2023-08-31 00:00:00-04:00,195.5533082532632,195.92562757462125,193.89748594534754,194.6911163330078,1001100,0.0,0.0
2023-09-01 00:00:00-04:00,196.60168159619334,197.95376111237417,194.5833472160866,196.2097625732422,1158100,0.0,0.0
2023-09-05 00:00:00-04:00,196.19018936977557,199.50181934487398,193.33903997967295,196.73886108398438,2580900,0.0,0.0
2023-09-06 00:00:00-04:00,196.3959301966759,197.67943327970076,184.08995643093456,185.99072265625,2544100,0.0,0.0
2023-09-07 00:00:00-04:00,182.91423651180946,184.55045931996239,180.30803086281622,183.7764434814453,1766700,0.0,0.0
2023-09-08 00:00:00-04:00,183.2669261940527,183.7176143452011,178.6227870724151,180.6999053955078,1531400,0.0,0.0
2023-09-11 00:00:00-04:00,182.53211234719856,185.36366191581607,181.89524953338469,182.5517120361328,1297900,0.0,0.0
2023-09-12 00:00:00-04:00,182.23817450094617,184.58962883701457,179.89651253412947,180.62155151367188,1480700,0.0,0.0
2023-09-13 00:00:00-04:00,181.56212496156965,183.0415949597974,179.27924713962767,180.84689331054688,1437600,0.0,0.0
2023-09-14 00:00:00-04:00,182.78125810814052,183.25258238890075,180.483608424381,181.62261962890625,1552600,0.4,0.0
2023-09-15 00:00:00-04:00,180.99418413464102,185.0592620080417,179.6195109272269,180.51304626464844,1980400,0.0,0.0
2023-09-18 00:00:00-04:00,180.06139574375683,180.1792193216165,176.22215101687112,178.33323669433594,1419800,0.0,0.0
2023-09-19 00:00:00-04:00,178.01901758855743,178.95182244565342,175.18131850683224,176.73272705078125,1397000,0.0,0.0
2023-09-20 00:00:00-04:00,176.83090316407677,178.19574769996026,171.05732385953493,171.2831573486328,1729600,0.0,0.0
2023-09-21 00:00:00-04:00,169.37826261157775,169.59428246395527,164.63566946053552,165.8826904296875,2246100,0.0,0.0
2023-09-22 00:00:00-04:00,169.0345783988534,170.369966943399,164.64547123316711,165.1658935546875,1288100,0.0,0.0
2023-09-25 00:00:00-04:00,163.3788452359058,164.8615134235635,161.25793108652627,163.8697967529297,1788700,0.0,0.0
2023-09-26 00:00:00-04:00,161.53285268337171,163.15300157830055,159.06828161506527,160.68841552734375,2295000,0.0,0.0
2023-09-27 00:00:00-04:00,162.12198940127104,162.5834849656811,159.13701115953842,159.68687438964844,2245600,0.0,0.0
2023-09-28 00:00:00-04:00,161.01245342233045,170.1441545274257,160.56078642229895,169.2800750732422,2547500,0.0,0.0
2023-09-29 00:00:00-04:00,171.83301370697686,173.6298978768021,166.61911151686343,166.9627685546875,1969600,0.0,0.0
2023-10-02 00:00:00-04:00,166.12817216090224,166.52092737066397,158.44968345405775,159.4708709716797,1949900,0.0,0.0
2023-10-03 00:00:00-04:00,157.1044801193372,158.380957016837,152.3422445726595,153.9329376220703,2514900,0.0,0.0
2023-10-04 00:00:00-04:00,154.70863706782424,156.00475624282922,149.37691087351544,155.53343200683594,2304300,0.0,0.0
2023-10-05 00:00:00-04:00,154.36496720278046,154.81663416317906,149.24924631246748,152.2244110107422,1948500,0.0,0.0
2023-10-06 00:00:00-04:00,151.86112207159158,158.2533052287048,150.8792190683861,156.94737243652344,1834200,0.0,0.0
2023-10-09 00:00:00-04:00,154.34533924074847,155.63162980913924,150.42754076851793,152.931396484375,2607400,0.0,0.0
2023-10-10 00:00:00-04:00,155.88692521820207,161.03210267297115,155.15049791939273,159.1468505859375,2484900,0.0,0.0
2023-10-11 00:00:00-04:00,159.14684943678267,163.3297510700614,159.14684943678267,161.817626953125,1777300,0.0,0.0
2023-10-12 00:00:00-04:00,171.6366576446674,174.3074351627471,162.93699594591914,167.70904541015625,3322900,0.0,0.0
2023-10-13 00:00:00-04:00,168.73019992192275,172.02939444476036,159.8538038152633,160.42330932617188,2288900,0.0,0.0
2023-10-16 00:00:00-04:00,162.96642115528542,166.76638048225928,162.58347963382795,164.69456481933594,1884300,0.0,0.0
2023-10-17 00:00:00-04:00,163.21193463434903,168.97570104232946,162.51477684032534,166.41293334960938,1594500,0.0,0.0
2023-10-18 00:00:00-04:00,160.68842489761906,161.09100873583347,149.30817237354717,150.12315368652344,5773400,0.0,0.0
2023-10-19 00:00:00-04:00,147.84513997459425,148.8564988527997,140.08809738611248,141.9438934326172,4207900,0.0,0.0
2023-10-20 00:00:00-04:00,140.3532040627954,142.00279375651732,136.04265089610266,136.1702880859375,3655200,0.0,0.0
2023-10-23 00:00:00-04:00,134.08865230560266,136.33721824765416,131.9088267554949,133.813720703125,3210900,0.0,0.0
2023-10-24 00:00:00-04:00,134.52073114187877,139.23386924411025,134.461819350282,136.72019958496094,2326400,0.0,0.0
2023-10-25 00:00:00-04:00,133.53881113156342,135.61062710945475,130.80912192616267,132.87112426757812,2988400,0.0,0.0
2023-10-26 00:00:00-04:00,133.9217456138997,136.43541482240778,132.24268494114216,132.7631072998047,2272300,0.0,0.0
2023-10-27 00:00:00-04:00,134.3145127580565,135.84629411449538,131.38844583934372,132.00704956054688,1508000,0.0,0.0
2023-10-30 00:00:00-04:00,133.53880637733772,134.99201860453715,124.47583850128085,125.10426330566406,3854400,0.0,0.0
2023-10-31 00:00:00-04:00,124.37764681279558,125.04534112883198,120.9409864343516,124.48565673828125,6601200,0.0,0.0
2023-11-01 00:00:00-04:00,123.50376864186238,123.71978851884077,117.44542841469135,120.73480224609375,4793400,0.0,0.0
2023-11-02 00:00:00-04:00,116.84645620386634,124.70168015034474,114.2444117733303,122.36475372314453,7173500,0.0,0.0
2023-11-03 00:00:00-04:00,125.49701885723837,131.7910206241183,124.22054946399037,125.66394805908203,4234900,0.0,0.0
2023-11-06 00:00:00-05:00,122.82624515487113,123.46448361602664,116.3555078500186,117.29813385009766,4014100,0.0,0.0
2023-11-07 00:00:00-05:00,116.84645804532802,120.89190113839636,116.45369534354923,119.90017700195312,2695000,0.0,0.0
2023-11-08 00:00:00-05:00,119.40922375309803,121.16683101210386,115.72708752394978,116.85627746582031,2398500,0.0,0.0
2023-11-09 00:00:00-05:00,117.80871996876036,118.41749500709278,111.58345133161323,112.52607727050781,2744600,0.0,0.0
2023-11-10 00:00:00-05:00,112.67337475737476,115.62890502940957,111.13178727167634,114.86302185058594,2647000,0.0,0.0
2023-11-13 00:00:00-05:00,112.53590975332322,114.76482639239525,109.97314218000106,112.1235122680664,4332900,0.0,0.0
2023-11-14 00:00:00-05:00,116.60098334993613,124.03398889414852,116.60098334993613,123.05208587646484,4044100,0.0,0.0
2023-11-15 00:00:00-05:00,124.86861120540857,132.02669295257218,124.85879756849533,125.40866088867188,3351300,0.0,0.0
2023-11-16 00:00:00-05:00,122.54150066163055,124.74096134266375,118.29967988826087,120.38130950927734,3561700,0.0,0.0
2023-11-17 00:00:00-05:00,122.73787762328938,125.12390226393914,120.81334860111527,125.08462524414062,2016300,0.0,0.0
2023-11-20 00:00:00-05:00,125.2613745411135,129.13006754901565,123.96526278628812,128.00088500976562,2915700,0.0,0.0
2023-11-21 00:00:00-05:00,126.3709100889192,128.35435829674668,123.14045588834732,123.84741973876953,2553500,0.0,0.0
2023-11-22 00:00:00-05:00,123.84742828178021,124.33837980393456,118.81026836135379,124.29910278320312,2590700,0.0,0.0
2023-11-24 00:00:00-05:00,122.97352899261242,127.92232098622593,122.93425197385453,126.53783416748047,1429500,0.0,0.0
2023-11-27 00:00:00-05:00,123.13064057344958,123.5135821530855,116.17876537320046,118.59424591064453,4314700,0.0,0.0
2023-11-28 00:00:00-05:00,119.3012127479784,123.6706780372796,117.99527997923884,121.6676025390625,2438800,0.0,0.0
2023-11-29 00:00:00-05:00,124.17144923823466,126.12543405963416,119.42885607417202,121.14718627929688,2546400,0.0,0.0
2023-11-30 00:00:00-05:00,121.9621757540864,121.9621757540864,116.65008420079566,119.07537841796875,4047900,0.0,0.0
2023-12-01 00:00:00-05:00,117.55343406562675,123.93580387547969,117.0428402856961,123.87689208984375,2803400,0.0,0.0
2023-12-04 00:00:00-05:00,121.65778135342103,123.68049910552399,117.05265395603001,117.80872344970703,3416700,0.0,0.0
2023-12-05 00:00:00-05:00,114.11677455891713,114.83355959586056,110.09097352080946,111.21034240722656,4357500,0.0,0.0
2023-12-06 00:00:00-05:00,115.37360089612815,119.95908604446471,114.5978966379526,116.15912628173828,5036100,0.0,0.0
2023-12-07 00:00:00-05:00,119.03611466952013,123.79834314865889,118.76117551213139,123.08155059814453,3971300,0.0,0.0
2023-12-08 00:00:00-05:00,126.66549125069557,130.83857914073786,125.41847769503092,125.67376708984375,4842700,0.0,0.0
2023-12-11 00:00:00-05:00,121.75598056439793,124.74096679332293,118.56479558992783,124.25001525878906,2798200,0.0,0.0
2023-12-12 00:00:00-05:00,124.25000624084703,126.30218740174278,121.2159220821491,125.62467193603516,3062200,0.0,0.0
2023-12-13 00:00:00-05:00,127.01898474698623,138.2617721685985,126.99934248997788,137.5253448486328,4955100,0.0,0.0
2023-12-14 00:00:00-05:00,141.30664157387784,146.49609526601333,141.15894029325912,143.6601104736328,5668500,0.4,0.0
2023-12-15 00:00:00-05:00,144.91071814828248,148.91850191005395,143.28592876467445,144.81224060058594,5938100,0.0,0.0
2023-12-18 00:00:00-05:00,144.89100515299756,145.1667242283151,141.72022076128323,143.6798095703125,2652800,0.0,0.0
2023-12-19 00:00:00-05:00,146.15142615245358,148.9775539290492,145.27503023763978,146.65362548828125,2276800,0.0,0.0
2023-12-20 00:00:00-05:00,146.348383536944,147.7762327468739,139.6030927261205,140.35147094726562,2627600,0.0,0.0
2023-12-21 00:00:00-05:00,143.88656394696065,145.07807581548676,141.28691671391812,143.226806640625,1799800,0.0,0.0
2023-12-22 00:00:00-05:00,143.7093364319934,151.1931628189594,143.2268205823797,147.7958984375,2599100,0.0,0.0
2023-12-26 00:00:00-05:00,149.76532768101163,150.75004285812483,146.8210389178023,150.0607452392578,1958100,0.0,0.0
2023-12-27 00:00:00-05:00,150.84853244076749,150.86823095304104,144.97962290492575,147.03768920898438,2027600,0.0,0.0
2023-12-28 00:00:00-05:00,147.01800857110436,149.46994023980236,146.72259095333382,147.14601135253906,1378400,0.0,0.0
2023-12-29 00:00:00-05:00,146.75212526256584,146.75212526256584,139.97727894545088,142.27166748046875,2834100,0.0,0.0
2024-01-02 00:00:00-05:00,140.81427948006058,147.32324782488166,139.1008695513106,144.6448211669922,1962300,0.0,0.0
2024-01-03 00:00:00-05:00,140.41055152078778,140.71581086078453,134.61057898415984,138.03738403320312,2731000,0.0,0.0
2024-01-04 00:00:00-05:00,138.92363340179537,138.92363340179537,132.96610295712864,133.8523406982422,3208000,0.0,0.0
2024-01-05 00:00:00-05:00,133.35012365646287,136.10732907840182,131.90259118558396,133.7538604736328,2283800,0.0,0.0
2024-01-08 00:00:00-05:00,132.14878917874097,134.89615325768327,130.72095501048105,134.49241638183594,1879300,0.0,0.0
2024-01-09 00:00:00-05:00,131.9419929021774,133.0547108426214,129.09616662168108,131.6268768310547,1832400,0.0,0.0
2024-01-10 00:00:00-05:00,129.77563408685907,132.04048247937345,128.13116119559612,130.90806579589844,2145700,0.0,0.0
2024-01-11 00:00:00-05:00,130.71111361246565,131.1443757206103,125.97462793681856,126.6836166381836,2976800,0.0,0.0
2024-01-12 00:00:00-05:00,126.8214776312838,128.13115079115366,123.72947968466745,124.12336730957031,1636800,0.0,0.0
2024-01-16 00:00:00-05:00,123.58176060988636,125.10807221217263,121.94712973193947,124.0248794555664,2256600,0.0,0.0
2024-01-17 00:00:00-05:00,121.13967223966928,122.7053734647762,118.40216492264494,118.85513305664062,2818600,0.0,0.0
2024-01-18 00:00:00-05:00,119.23916982502661,119.51489641456985,113.36042590548767,116.18655395507812,3418700,0.0,0.0
2024-01-19 00:00:00-05:00,116.27518441782873,116.28502616162524,110.57368192974796,113.37026977539062,4168300,0.0,0.0
2024-01-22 00:00:00-05:00,112.04090628584396,120.9131932942029,111.27282954940638,118.90437316894531,4026800,0.0,0.0
2024-01-23 00:00:00-05:00,122.02592073819362,125.29517530240949,118.97330474657701,120.71624755859375,2877400,0.0,0.0
2024-01-24 00:00:00-05:00,123.43405575909243,124.15290120114219,118.1855216448595,119.83000183105469,2026500,0.0,0.0
2024-01-25 00:00:00-05:00,120.13526089180635,121.48432349330737,114.18757986087499,116.63951873779297,2810400,0.0,0.0
2024-01-26 00:00:00-05:00,118.23475807355167,120.26326905540802,117.18111307165393,118.00827026367188,1525000,0.0,0.0
2024-01-29 00:00:00-05:00,116.83646747960489,121.39569644355599,115.58587488820086,121.3169174194336,1996400,0.0,0.0
2024-01-30 00:00:00-05:00,119.41641798573323,121.11012945924797,116.98417756941708,118.4710922241211,1948700,0.0,0.0
2024-01-31 00:00:00-05:00,117.42729695214526,118.26430343624997,112.73020837968325,112.9862289428711,3653300,0.0,0.0
2024-02-01 00:00:00-05:00,115.21168708532561,116.29487238442626,111.55839431945289,114.99504852294922,3398400,0.0,0.0
2024-02-02 00:00:00-05:00,112.59234391549028,113.8133962979903,110.78047136770036,112.50372314453125,2852400,0.0,0.0
2024-02-05 00:00:00-05:00,110.07146934844391,110.97740557459858,106.73328525483268,107.0680923461914,3891700,0.0,0.0
2024-02-06 00:00:00-05:00,108.12174910908898,112.28709085839574,107.92480153019216,111.29252624511719,3042900,0.0,0.0
2024-02-07 00:00:00-05:00,112.38555250708073,114.21712353387849,109.79575401824715,113.29149627685547,2427500,0.0,0.0
2024-02-08 00:00:00-05:00,112.32646857378839,113.57705363908043,110.56382736994031,112.5824966430664,2473800,0.0,0.0
2024-02-09 00:00:00-05:00,111.76518063702085,114.4140670579706,111.40083329069543,114.01033020019531,2491700,0.0,0.0
2024-02-12 00:00:00-05:00,113.98078746039818,120.77532402538847,113.89216669615347,118.25444793701172,2865800,0.0,0.0
2024-02-13 00:00:00-05:00,112.25753681522953,113.06500300759976,109.47079089648577,110.48504638671875,3997300,0.0,0.0
2024-02-14 00:00:00-05:00,111.99167050541652,112.7498979545966,109.97300120504704,112.6415786743164,3134200,0.0,0.0
2024-02-15 00:00:00-05:00,110.2880994431516,122.28193055810556,110.2880994431516,115.70403289794922,6739200,0.0,0.0
2024-02-16 00:00:00-05:00,117.05311287632284,123.9264216076577,116.9546353340274,120.71624755859375,4405100,0.0,0.0
2024-02-20 00:00:00-05:00,120.23373622899918,120.23373622899918,111.66671615250218,113.06501007080078,3840200,0.0,0.0
2024-02-21 00:00:00-05:00,113.43918936412898,118.72711275469212,112.3166146239975,116.73799133300781,3683300,0.0,0.0
2024-02-22 00:00:00-05:00,116.14716178199751,118.55971867396823,114.9753557325992,116.37364959716797,2018300,0.0,0.0
2024-02-23 00:00:00-05:00,116.66906271732742,120.18449575661853,114.14818664227953,118.80589294433594,2762300,0.0,0.0
2024-02-26 00:00:00-05:00,118.16583373456926,122.35087367933525,116.9349396331675,119.66259765625,2081000,0.0,0.0
2024-02-27 00:00:00-05:00,125.49211048079418,128.32809513251533,124.56647576665954,126.62452697753906,3540300,0.0,0.0
2024-02-28 00:00:00-05:00,128.66289335924424,131.70565976181223,127.99327920099489,130.04148864746094,2733100,0.0,0.0
2024-02-29 00:00:00-05:00,134.45300668343583,138.49034501025778,133.6849300301281,135.7429962158203,4563000,0.0,0.0
2024-03-01 00:00:00-05:00,136.26491529155598,141.0013937331446,135.77255761529,140.6173553466797,3279700,0.0,0.0
2024-03-04 00:00:00-05:00,138.0078301800268,138.076767456751,131.085283480413,131.1640625,4216900,0.0,0.0
2024-03-05 00:00:00-05:00,120.19434325922342,120.56853986940294,105.05927439179203,107.72785186767578,19347700,0.0,0.0
2024-03-06 00:00:00-05:00,108.59439605981953,117.99842965842859,108.59439605981953,117.76209259033203,15606700,0.0,0.0
2024-03-07 00:00:00-05:00,117.23036380219223,121.40555472490158,116.48197804295788,120.78518676757812,4235500,0.0,0.0
2024-03-08 00:00:00-05:00,121.42524025165874,122.35087503022292,116.19640445526201,116.5213623046875,3478700,0.0,0.0
2024-03-11 00:00:00-04:00,117.5454656984601,123.9165672504218,117.5454656984601,122.84323120117188,4130100,0.0,0.0
2024-03-12 00:00:00-04:00,125.12777202156234,126.53591519152009,119.48535008521935,122.0357666015625,3443100,0.0,0.0
2024-03-13 00:00:00-04:00,121.00180001596132,124.96035929259004,120.35189189627614,123.86732482910156,2176900,0.0,0.0
2024-03-14 00:00:00-04:00,121.01242635492868,121.75331876118334,117.68334709626203,118.43412017822266,3010000,0.4,0.0
2024-03-15 00:00:00-04:00,117.55493032914835,121.50635655869955,115.35200689000469,120.65679931640625,3203000,0.0,0.0
2024-03-18 00:00:00-04:00,122.22749264034456,124.21307885327548,119.03671270963534,123.06716918945312,1886200,0.0,0.0
2024-03-19 00:00:00-04:00,120.024566631216,121.86198035295463,118.78974598686193,119.07622528076172,2326600,0.0,0.0
2024-03-20 00:00:00-04:00,118.80951031896016,125.19107060626564,118.04886405086836,122.93875122070312,2529000,0.0,0.0
2024-03-21 00:00:00-04:00,124.3217487897667,126.02086330920245,122.61276113101272,123.3437728881836,2350900,0.0,0.0
2024-03-22 00:00:00-04:00,120.50862448760039,123.61049360773109,119.3231995826547,119.39234924316406,2454800,0.0,0.0
2024-03-25 00:00:00-04:00,119.11575006161716,120.74571495109572,116.8140423859125,116.91282653808594,2129300,0.0,0.0
2024-03-26 00:00:00-04:00,117.80189517144149,119.07623104248563,115.8558165358953,117.56481170654297,2506100,0.0,0.0
2024-03-27 00:00:00-04:00,118.19703503237723,127.45325340903715,118.1871543568122,127.23592376708984,4722600,0.0,0.0
2024-03-28 00:00:00-04:00,127.4137345265862,130.81196349510026,125.7245007181904,130.14022827148438,3988800,0.0,0.0
2024-04-01 00:00:00-04:00,130.39706022012913,131.1873484482833,125.33923214078608,127.61129760742188,2088100,0.0,0.0
2024-04-02 00:00:00-04:00,125.50716969301742,126.23818138313723,123.38327673853397,124.944091796875,2335400,0.0,0.0
2024-04-03 00:00:00-04:00,125.74426134626691,128.4114785573955,123.87721306685059,127.30506896972656,1946300,0.0,0.0
2024-04-04 00:00:00-04:00,128.8263814291277,129.41908633861453,119.45161697014865,119.6491928100586,3032900,0.0,0.0
2024-04-05 00:00:00-04:00,118.77987092718874,122.23736889484654,118.18715849722547,121.95088958740234,1900800,0.0,0.0
2024-04-08 00:00:00-04:00,123.66975328877142,131.47381333436724,122.99801059097302,130.0908203125,3560800,0.0,0.0
2024-04-09 00:00:00-04:00,131.30588785204003,132.09617608889275,125.8331617842151,127.591552734375,3003500,0.0,0.0
2024-04-10 00:00:00-04:00,127.77925234025852,130.1402289207973,123.88709507372708,126.09989166259766,3605200,0.0,0.0
2024-04-11 00:00:00-04:00,127.71996693556562,129.2412744663241,123.58085310897587,128.7275848388672,3169600,0.0,0.0
2024-04-12 00:00:00-04:00,128.30281721821595,129.27091244440973,120.62716738394158,121.09146118164062,2803100,0.0,0.0
2024-04-15 00:00:00-04:00,122.15834291941677,123.22522225089303,118.44400023194262,119.03671264648438,1943500,0.0,0.0
2024-04-16 00:00:00-04:00,115.46067897794897,117.60433357026697,112.50698979583059,112.72431945800781,3493100,0.0,0.0
2024-04-17 00:00:00-04:00,113.94924926262648,116.47816710517972,112.94163891789039,113.00090789794922,2080400,0.0,0.0
2024-04-18 00:00:00-04:00,113.22812277996925,113.53435590494612,109.1680316738511,110.44236755371094,2208200,0.0,0.0
2024-04-19 00:00:00-04:00,110.32382265869087,113.3565420441539,109.9187978450773,110.78811645507812,1975700,0.0,0.0
2024-04-22 00:00:00-04:00,110.41271726176018,112.39831092936915,106.98486155088642,110.92640686035156,2281900,0.0,0.0
2024-04-23 00:00:00-04:00,109.89903527337462,114.52220398005252,108.94081326556096,112.82308959960938,1782700,0.0,0.0
2024-04-24 00:00:00-04:00,112.91200945285715,114.32464465552185,110.81775080219238,113.87022399902344,2235300,0.0,0.0
2024-04-25 00:00:00-04:00,112.15135136403792,114.12706443670447,109.70147137450984,113.58374786376953,1421100,0.0,0.0
2024-04-26 00:00:00-04:00,114.60124009903511,116.6362221735859,113.43556907239739,115.4606704711914,1723600,0.0,0.0
2024-04-29 00:00:00-04:00,121.01242891019203,124.36126205423632,120.70619578756623,124.20320892333984,3866300,0.0,0.0
2024-04-30 00:00:00-04:00,121.49647002995928,122.91898581582971,118.16739841545287,118.84901428222656,3574600,0.0,0.0
2024-05-01 00:00:00-04:00,119.0564703084372,121.56562689660477,116.31023025414085,117.554931640625,2700200,0.0,0.0
2024-05-02 00:00:00-04:00,116.07314311927878,125.9319546765574,115.92496313135153,123.77842712402344,4490000,0.0,0.0
2024-05-03 00:00:00-04:00,126.54443359375,129.3400544431033,125.83316811539812,126.54443359375,2600100,0.0,0.0
2024-05-06 00:00:00-04:00,128.89551929076777,129.90313719912663,126.0998909633838,129.19187927246094,1959500,0.0,0.0
2024-05-07 00:00:00-04:00,128.76710508254095,134.10152433037348,128.4312224055262,129.95252990722656,2429600,0.0,0.0
2024-05-08 00:00:00-04:00,126.55429418338295,129.29066085199668,125.26020460708183,128.87576293945312,1810400,0.0,0.0
2024-05-09 00:00:00-04:00,129.61665733449865,132.26410550568295,127.92741609579983,131.92823791503906,1963900,0.0,0.0
2024-05-10 00:00:00-04:00,132.27398424415384,132.27398424415384,127.49276222382397,128.04595947265625,1920500,0.0,0.0
2024-05-13 00:00:00-04:00,129.5178882647853,132.65926523181548,128.8856606005939,129.91302490234375,1562500,0.0,0.0
2024-05-14 00:00:00-04:00,131.38491459370294,135.33634059652107,131.25648842509327,133.81504821777344,2161800,0.0,0.0
2024-05-15 00:00:00-04:00,135.5931835318817,135.83027452842572,125.11203255480486,126.02085876464844,3929700,0.0,0.0
2024-05-16 00:00:00-04:00,127.04822671648056,128.85600594375705,125.21081299969904,127.62118530273438,1743400,0.0,0.0
2024-05-17 00:00:00-04:00,128.09535155691222,133.1136644253283,127.68045363245774,129.52774047851562,2283300,0.0,0.0
2024-05-20 00:00:00-04:00,129.40920310779867,129.40920310779867,124.76628051481313,128.56951904296875,2202900,0.0,0.0
2024-05-21 00:00:00-04:00,127.26555816904386,129.21163673291178,125.1021499633789,125.1021499633789,1655300,0.0,0.0
2024-05-22 00:00:00-04:00,122.4942043928494,126.79138614086702,121.30877962310122,124.944091796875,2423500,0.0,0.0
2024-05-23 00:00:00-04:00,125.22070125201188,125.22070125201188,121.18036395100316,121.45696258544922,1754400,0.0,0.0
2024-05-24 00:00:00-04:00,122.45470218243658,126.14928372449319,122.13858837461486,126.04061889648438,1445200,0.0,0.0
2024-05-28 00:00:00-04:00,126.72223922765345,127.92742544545159,124.37114331107425,126.20855712890625,2105200,0.0,0.0
2024-05-29 00:00:00-04:00,123.19559167591774,124.8255565202694,121.91138265972211,121.9410171508789,1765900,0.0,0.0
2024-05-30 00:00:00-04:00,122.06943700941319,124.41065981187751,121.8224728649791,122.27688598632812,1557400,0.0,0.0
2024-05-31 00:00:00-04:00,122.68191016373211,123.77843156226488,118.75023768859025,121.10133361816406,3525200,0.0,0.0
2024-06-03 00:00:00-04:00,123.32400442411813,123.32400442411813,118.33533351672976,119.4219741821289,2123800,0.0,0.0
2024-06-04 00:00:00-04:00,118.29582212128513,119.1651331739578,116.60658832149943,116.87330627441406,2119400,0.0,0.0
2024-06-05 00:00:00-04:00,117.61419235533161,118.81937848995167,116.05338481489038,117.20917510986328,1645800,0.0,0.0
2024-06-06 00:00:00-04:00,115.57921726595632,117.08075591768706,113.04042621380648,116.74488830566406,3002600,0.0,0.0
2024-06-07 00:00:00-04:00,115.36189543076149,116.13242239217571,112.8428655597341,113.54424285888672,2056800,0.0,0.0
2024-06-10 00:00:00-04:00,112.61565014536384,113.49484189882206,111.0548349397929,112.67491912841797,1701700,0.0,0.0
2024-06-11 00:00:00-04:00,112.16122756938758,112.77370131073245,110.77822696629246,112.58600616455078,1957100,0.0,0.0
2024-06-12 00:00:00-04:00,115.57921800366414,117.35736283380412,110.42260553300568,111.28204345703125,2723600,0.0,0.0
2024-06-13 00:00:00-04:00,110.24478983967813,111.91426982649533,106.36251328378334,106.91571807861328,4262400,0.0,0.0
2024-06-14 00:00:00-04:00,106.19190408364094,107.6692683459054,102.44395568470266,102.6323471069336,3910600,0.4,0.0
2024-06-17 00:00:00-04:00,101.86887400751765,103.27683969535846,98.11100819303547,99.77676391601562,4291400,0.0,0.0
2024-06-18 00:00:00-04:00,99.50905373784612,101.63090819149704,97.86312515461307,98.69600677490234,3526900,0.0,0.0
2024-06-20 00:00:00-04:00,96.87160191188741,97.1591439192626,92.93526976467429,92.99475860595703,5663800,0.0,0.0
2024-06-21 00:00:00-04:00,92.2114626933422,95.18602600603066,91.50748361710394,93.85739135742188,5567400,0.0,0.0
2024-06-24 00:00:00-04:00,92.75680039684354,95.71152898974222,92.39985220157041,95.58263397216797,3280600,0.0,0.0
2024-06-25 00:00:00-04:00,94.3928025625488,95.29509036467327,91.82476662980449,91.98340606689453,3220900,0.0,0.0
2024-06-26 00:00:00-04:00,94.71009078971366,99.77676414346548,94.22424757577603,99.42973327636719,4847600,0.0,0.0
2024-06-27 00:00:00-04:00,97.6450036942092,98.2597419501447,94.0755215933314,95.4537353515625,4049900,0.0,0.0
2024-06-28 00:00:00-04:00,95.68178462822316,95.78093522370507,92.74688312666615,94.71009063720703,4489200,0.0,0.0
2024-07-01 00:00:00-04:00,94.44238667753156,96.61382035098067,94.01603229335447,96.58407592773438,2451700,0.0,0.0
2024-07-02 00:00:00-04:00,97.97219962179614,101.69040382844913,95.18602769031669,96.2370376586914,4115200,0.0,0.0
2024-07-03 00:00:00-04:00,97.26820834092284,100.52039600234043,96.17753675662375,99.2413330078125,2309100,0.0,0.0
2024-07-05 00:00:00-04:00,97.94245239520903,99.48922288019949,96.28661398476865,97.51609802246094,2229800,0.0,0.0
2024-07-08 00:00:00-04:00,98.30931854248047,100.78812129158635,98.2696567907301,98.30931854248047,2194000,0.0,0.0
2024-07-09 00:00:00-04:00,96.02881300717871,97.18889083014753,89.55418170523025,89.70291137695312,6421000,0.0,0.0
2024-07-10 00:00:00-04:00,90.26807802401417,96.47500196493178,89.9805360094425,96.0783920288086,4153900,0.0,0.0
2024-07-11 00:00:00-04:00,97.52601120984042,99.35040631315137,96.08830871135528,97.1194839477539,2705800,0.0,0.0
2024-07-12 00:00:00-04:00,98.14075774281203,98.85464655089969,96.00898595313996,97.04016876220703,1968400,0.0,0.0
2024-07-15 00:00:00-04:00,92.8063694351165,96.1279634635856,92.33044356392554,94.68034362792969,2640000,0.0,0.0
2024-07-16 00:00:00-04:00,94.55145012378124,97.25829841675959,93.47068822059498,96.88152313232422,2586700,0.0,0.0
2024-07-17 00:00:00-04:00,96.4849143829471,98.41838503796735,91.86443005942594,94.2738265991211,2469000,0.0,0.0
2024-07-18 00:00:00-04:00,93.80780726927095,97.38719886966332,92.65763921869703,93.01458740234375,2324900,0.0,0.0
2024-07-19 00:00:00-04:00,91.95366380568625,92.14205523356826,89.2567252294422,91.30917358398438,2235700,0.0,0.0
2024-07-22 00:00:00-04:00,92.34035489367031,93.19306362244376,90.62502767197185,92.77662658691406,2075700,0.0,0.0
2024-07-23 00:00:00-04:00,91.59671626855175,92.25112382399472,90.28790872237144,90.70435333251953,1896500,0.0,0.0
2024-07-24 00:00:00-04:00,90.22841365255343,92.3800124702774,89.98053339526619,90.10942840576172,2100600,0.0,0.0
2024-07-25 00:00:00-04:00,89.78223499183794,93.91687599572374,89.43519656913953,90.2284164428711,2776600,0.0,0.0
2024-07-26 00:00:00-04:00,91.7553631025704,92.37010890518991,89.83180975623328,92.0131607055664,1868500,0.0,0.0
2024-07-29 00:00:00-04:00,90.63494069250558,91.66611590345597,89.51451709078981,90.89273071289062,1915100,0.0,0.0
2024-07-30 00:00:00-04:00,90.25816194058783,92.37010666458201,89.71282989001179,91.72561645507812,2449400,0.0,0.0
2024-07-31 00:00:00-04:00,91.1406162998318,95.13644506124682,90.99188662416981,92.87577819824219,5757000,0.0,0.0
2024-08-01 00:00:00-04:00,93.20298447966415,98.62660616984434,91.1009570000202,92.38002014160156,4807500,0.0,0.0
2024-08-02 00:00:00-04:00,88.03715173973173,88.03715173973173,81.55260340048763,86.25241088867188,5807200,0.0,0.0
2024-08-05 00:00:00-04:00,79.61914475915607,84.7155624417633,79.22253481915011,82.81183624267578,5285400,0.0,0.0
2024-08-06 00:00:00-04:00,83.3373464520549,83.39683529375937,78.78626094403423,78.85566711425781,3707800,0.0,0.0
2024-08-07 00:00:00-04:00,81.54268554414959,83.75378071949301,78.33015959775159,78.3896484375,3367700,0.0,0.0
2024-08-08 00:00:00-04:00,79.32168409440496,82.60361635310528,78.41939630677257,81.13616943359375,3296800,0.0,0.0
2024-08-09 00:00:00-04:00,81.57243321510474,81.90955430475992,79.32168376669507,80.95769500732422,2165700,0.0,0.0
2024-08-12 00:00:00-04:00,80.88828762509634,80.96761112320421,74.1856033290839,75.35559844970703,4590200,0.0,0.0
2024-08-13 00:00:00-04:00,76.24796778829081,77.26923322635947,74.82017510183093,76.56525421142578,3969300,0.0,0.0
2024-08-14 00:00:00-04:00,76.34712133041563,76.34712133041563,71.35977162788548,72.23230743408203,4528400,0.0,0.0
2024-08-15 00:00:00-04:00,73.5212835857532,78.63752800673527,72.96602668233682,78.4689712524414,6098800,0.0,0.0
2024-08-16 00:00:00-04:00,78.28058452014344,79.20269940687102,76.83296468291508,78.69702911376953,2921300,0.0,0.0
2024-08-19 00:00:00-04:00,79.07380957757228,82.66311876695806,78.56813168660747,82.07811737060547,2947300,0.0,0.0
2024-08-20 00:00:00-04:00,82.09794705718096,85.12208176105655,81.89963830572175,83.50590515136719,3463400,0.0,0.0
2024-08-21 00:00:00-04:00,84.87419939623136,88.09664277187167,84.1900550235565,87.84876251220703,3287700,0.0,0.0
2024-08-22 00:00:00-04:00,87.14478710261106,87.14478710261106,84.86428559307986,86.14334869384766,2588100,0.0,0.0
2024-08-23 00:00:00-04:00,87.08529889909421,90.05986216051622,86.26233458123812,89.73265838623047,2203800,0.0,0.0
2024-08-26 00:00:00-04:00,90.48621104857482,90.90264806441522,87.6306256492004,88.18588256835938,2020000,0.0,0.0
2024-08-27 00:00:00-04:00,88.22554779052734,88.97909835417954,87.78927610073524,88.22554779052734,1165700,0.0,0.0
2024-08-28 00:00:00-04:00,87.30343192287282,87.91817013559127,86.80767139534873,87.25385284423828,1802100,0.0,0.0
2024-08-29 00:00:00-04:00,88.20571538914622,92.21146150643787,86.05411643619202,90.87290954589844,1875000,0.0,0.0
2024-08-30 00:00:00-04:00,92.21145452356735,93.88712746195928,88.77087538636746,89.48477172851562,2063100,0.0,0.0
2024-09-03 00:00:00-04:00,86.55979078505773,87.25385249493074,82.02853988421602,83.40675354003906,2748100,0.0,0.0
2024-09-04 00:00:00-04:00,82.42514336948382,86.45072403539709,82.42514336948382,84.03141021728516,2158200,0.0,0.0
2024-09-05 00:00:00-04:00,84.10081320517193,84.48750580051458,81.81040205357237,81.8996353149414,1421600,0.0,0.0
2024-09-06 00:00:00-04:00,80.55116832523169,80.7693041675089,74.72102724981937,76.24797058105469,3495900,0.0,0.0
2024-09-09 00:00:00-04:00,77.3386357347162,79.08371476171942,76.11906161196794,77.74516296386719,2238700,0.0,0.0
2024-09-10 00:00:00-04:00,77.34856354934615,78.02279820359745,74.80035461109017,77.9533920288086,2058300,0.0,0.0
2024-09-11 00:00:00-04:00,89.44511162879112,91.03154377130392,84.03140768731957,88.54283142089844,6391800,0.0,0.0
2024-09-12 00:00:00-04:00,88.54283074846381,89.1079974313389,86.0045317750152,87.7496109008789,2865000,0.0,0.0
2024-09-13 00:00:00-04:00,88.55145820720372,89.45788648927987,85.5333389083567,87.09718322753906,2181700,0.405,0.0
2024-09-16 00:00:00-04:00,87.64502620251645,89.76668023476934,86.62902853598118,88.99969482421875,1566200,0.0,0.0
2024-09-17 00:00:00-04:00,90.15514693643097,91.53969666858859,89.40808740039702,89.46784973144531,1925600,0.0,0.0
2024-09-18 00:00:00-04:00,90.20494758369043,90.38424217877832,85.76243439371535,86.2505111694336,3200600,0.0,0.0
2024-09-19 00:00:00-04:00,89.84635868796026,90.0156979612802,87.49561069998505,88.97977447509766,1976000,0.0,0.0
2024-09-20 00:00:00-04:00,88.12314708146467,88.62118678908051,85.11498299175459,85.69271087646484,4531400,0.0,0.0
2024-09-23 00:00:00-04:00,86.98761111424402,89.91607922397704,85.5930985098804,88.36219787597656,2005300,0.0,0.0
2024-09-24 00:00:00-04:00,92.3365547150025,94.47812688401238,90.10533905029297,90.10533905029297,3650500,0.0,0.0
2024-09-25 00:00:00-04:00,90.26471642908741,90.48384750979615,86.11105962610311,86.24055480957031,2170500,0.0,0.0
2024-09-26 00:00:00-04:00,91.63930511502132,95.1554641931913,90.15514893177452,94.796875,4339600,0.0,0.0
2024-09-27 00:00:00-04:00,96.81891665068459,97.86480308219586,94.44825036527067,95.67343139648438,2592800,0.0,0.0
2024-09-30 00:00:00-04:00,95.81287726763244,97.71538491727772,93.830673844833,94.33867645263672,1743200,0.0,0.0
2024-10-01 00:00:00-04:00,93.79084181585262,94.57773786994744,92.346522097457,93.95021057128906,1269900,0.0,0.0
2024-10-02 00:00:00-04:00,94.01993223195801,95.25506853742735,92.19710513954688,93.70118713378906,1271200,0.0,0.0
2024-10-03 00:00:00-04:00,91.68911259049126,94.62754380571779,91.53969915932251,93.94024658203125,1785600,0.0,0.0
2024-10-04 00:00:00-04:00,98.81107416289665,101.69970596392021,98.01421519675817,101.68974304199219,4783300,0.0,0.0
2024-10-07 00:00:00-04:00,99.48840873180797,104.82739497719604,99.19954479097926,104.06041717529297,4527200,0.0,0.0
2024-10-08 00:00:00-04:00,99.45852427884805,101.10205677088204,98.56205131960381,99.8669204711914,4295000,0.0,0.0
2024-10-09 00:00:00-04:00,101.78935431879961,102.97468361387276,99.36888112035584,101.5204086303711,3759100,0.0,0.0
2024-10-10 00:00:00-04:00,100.91280289789339,104.2695932554739,100.71359005508909,102.55633544921875,1840700,0.0,0.0
2024-10-11 00:00:00-04:00,100.25539407813314,103.01453069845724,99.9366489710977,101.6200180053711,2426000,0.0,0.0
2024-10-14 00:00:00-04:00,100.77334747194871,101.6000951682722,97.6157777106929,99.20950317382812,2352800,0.0,0.0
2024-10-15 00:00:00-04:00,97.21734756746481,99.68762781427671,95.19530760871665,95.36463928222656,2645400,0.0,0.0
2024-10-16 00:00:00-04:00,97.4564033042303,99.2792304012268,96.25114816126329,97.86479949951172,1875900,0.0,0.0
2024-10-17 00:00:00-04:00,97.10777938165768,97.4265244883158,92.83459780836155,94.29883575439453,2992300,0.0,0.0
2024-10-18 00:00:00-04:00,96.33083496867017,97.25718908682552,94.07969346443028,94.7669906616211,2082000,0.0,0.0
2024-10-21 00:00:00-04:00,94.12950007463537,94.57773274948352,92.62541810431786,93.47208404541016,2276700,0.0,0.0
2024-10-22 00:00:00-04:00,93.30275520015405,96.50016914940046,92.57562149677884,96.08181762695312,2363600,0.0,0.0
2024-10-23 00:00:00-04:00,94.66738899648976,95.93240651622088,93.07366344425583,93.59162139892578,1958700,0.0,0.0
2024-10-24 00:00:00-04:00,95.07577390558026,95.72322702332374,92.77483296660472,94.7769546508789,1422100,0.0,0.0
2024-10-25 00:00:00-04:00,94.86659994746086,95.82283525971764,92.70510947289661,93.14338684082031,2046400,0.0,0.0
2024-10-28 00:00:00-04:00,93.53185914765083,99.10990238510702,93.30275753705853,97.75523376464844,2383300,0.0,0.0
2024-10-29 00:00:00-04:00,96.96832490514453,98.99036480522973,96.24119122258784,96.27107238769531,1409500,0.0,0.0
2024-10-30 00:00:00-04:00,96.03201783353782,98.61185981114852,95.02597551973055,95.14550018310547,1318200,0.0,0.0
2024-10-31 00:00:00-04:00,95.14550046564949,96.31091913339435,93.79083947998748,94.35860443115234,2197600,0.0,0.0
2024-11-01 00:00:00-04:00,94.62754046844825,99.01029123109394,94.00996852115625,97.8548355102539,2431100,0.0,0.0
2024-11-04 00:00:00-05:00,99.10990030201235,102.1977449221785,98.43256600601929,100.17570495605469,2339600,0.0,0.0
2024-11-05 00:00:00-05:00,99.6477843472361,100.04621762816943,97.91460831458129,99.38880157470703,1548500,0.0,0.0
2024-11-06 00:00:00-05:00,95.62361949276297,96.98825096508797,92.93420823432201,96.20134735107422,3228300,0.0,0.0
2024-11-07 00:00:00-05:00,97.01813594856043,103.45280801823613,94.0199347998605,99.53821563720703,3377400,0.0,0.0
2024-11-08 00:00:00-05:00,98.39272002064396,100.52432928762198,96.68942519139418,100.44464111328125,2287100,0.0,0.0
2024-11-11 00:00:00-05:00,104.26958971079715,111.1524942688208,103.50261193264313,110.05680847167969,4581900,0.0,0.0
2024-11-12 00:00:00-05:00,106.17209925303605,107.70606243598638,102.30731392941595,102.39696502685547,2359400,0.0,0.0
2024-11-13 00:00:00-05:00,107.83555624655749,110.95328198286215,106.97892736830435,107.76583099365234,3822200,0.0,0.0
2024-11-14 00:00:00-05:00,107.96504748076592,108.73203288813532,100.82315987945356,101.69970703125,2458300,0.0,0.0
2024-11-15 00:00:00-05:00,101.60009945552962,103.22370615219144,99.18958911585273,103.12409973144531,2498100,0.0,0.0
2024-11-18 00:00:00-05:00,102.72566599532907,104.50864903689704,101.82920061309011,103.62213897705078,1698700,0.0,0.0
2024-11-19 00:00:00-05:00,106.58049287395178,107.3275524034421,103.38307899967114,106.03264617919922,2168900,0.0,0.0
2024-11-20 00:00:00-05:00,105.53460682480839,109.74802592815847,105.53460682480839,109.12049865722656,2033500,0.0,0.0
2024-11-21 00:00:00-05:00,106.59045677688864,109.638457253437,106.05257299876553,108.552734375,1598000,0.0,0.0
2024-11-22 00:00:00-05:00,106.47092200887451,109.05077149879975,104.14009995802574,107.955078125,1820200,0.0,0.0
2024-11-25 00:00:00-05:00,109.74802570116323,111.26206300545518,108.27382488427573,109.54881286621094,2087000,0.0,0.0
2024-11-26 00:00:00-05:00,108.08457270525497,109.22010255954167,105.95296349812153,106.3713150024414,1973300,0.0,0.0
2024-11-27 00:00:00-05:00,107.27774727100336,109.29979481641574,105.83343519519146,107.55665588378906,1071900,0.0,0.0
2024-11-29 00:00:00-05:00,106.60041381339754,108.1742210858655,106.21194345619733,107.27774810791016,748200,0.0,0.0
2024-12-02 00:00:00-05:00,107.27774792580857,111.02300858319633,106.52073305636037,110.86363983154297,1990000,0.0,0.0
2024-12-03 00:00:00-05:00,110.56481330507093,110.56481330507093,108.11445889511269,108.64237976074219,1477900,0.0,0.0
2024-12-04 00:00:00-05:00,108.52284206334926,108.71209957154521,100.71358361281133,102.20770263671875,2526900,0.0,0.0
2024-12-05 00:00:00-05:00,101.60009384683661,102.92488120812702,100.40480166490207,100.70362091064453,2322100,0.0,0.0
2024-12-06 00:00:00-05:00,101.60009833312702,104.78754935868695,101.4208037379716,104.54849243164062,1557000,0.0,0.0
2024-12-09 00:00:00-05:00,105.94300692047186,113.46340952456994,105.66410590089171,109.23007202148438,2663200,0.0,0.0
2024-12-10 00:00:00-05:00,108.07460961355041,108.74198095503021,103.0942128571656,103.57233428955078,1535800,0.0,0.0
2024-12-11 00:00:00-05:00,104.04048560149,104.04048560149,101.18174271599185,103.43287658691406,1502100,0.0,0.0
2024-12-12 00:00:00-05:00,103.20378645226373,104.12017766937583,101.79931086125879,102.89500427246094,1136800,0.0,0.0
2024-12-13 00:00:00-05:00,102.0,102.01000213623047,98.04000091552734,99.37999725341797,1643700,0.405,0.0
2024-12-16 00:00:00-05:00,98.58999633789062,100.91000366210938,97.55999755859375,99.54000091552734,1634300,0.0,0.0
2024-12-17 00:00:00-05:00,98.79000091552734,100.30999755859375,96.41999816894531,97.55000305175781,1757300,0.0,0.0
2024-12-18 00:00:00-05:00,97.0,97.61000061035156,90.0999984741211,90.54000091552734,2536300,0.0,0.0
2024-12-19 00:00:00-05:00,91.5,93.83999633789062,88.73999786376953,88.91999816894531,2360700,0.0,0.0
2024-12-20 00:00:00-05:00,87.87000274658203,90.54000091552734,87.5199966430664,88.6500015258789,3685400,0.0,0.0
2024-12-23 00:00:00-05:00,89.02999877929688,89.86000061035156,88.11000061035156,89.19999694824219,2003000,0.0,0.0
2024-12-24 00:00:00-05:00,89.44000244140625,90.13999938964844,87.9800033569336,89.98999786376953,595100,0.0,0.0
2024-12-26 00:00:00-05:00,89.51000213623047,90.43000030517578,88.45999908447266,89.1500015258789,1194900,0.0,0.0
2024-12-27 00:00:00-05:00,88.63999938964844,90.8499984741211,87.30000305175781,88.29000091552734,1397000,0.0,0.0
2024-12-30 00:00:00-05:00,87.0,87.19000244140625,85.13999938964844,86.13999938964844,1729000,0.0,0.0
2024-12-31 00:00:00-05:00,86.80000305175781,88.19000244140625,85.29000091552734,86.08000183105469,1609500,0.0,0.0
2025-01-02 00:00:00-05:00,86.44000244140625,87.98999786376953,84.41000366210938,85.2300033569336,1866100,0.0,0.0
2025-01-03 00:00:00-05:00,86.0,88.26000213623047,85.19000244140625,87.79000091552734,2626700,0.0,0.0
2025-01-06 00:00:00-05:00,89.98999786376953,93.05999755859375,89.5,90.19000244140625,2319600,0.0,0.0
2025-01-07 00:00:00-05:00,91.0,91.7300033569336,89.0,89.9800033569336,1653500,0.0,0.0
2025-01-08 00:00:00-05:00,88.80999755859375,88.80999755859375,86.6500015258789,87.37999725341797,1553800,0.0,0.0
2025-01-10 00:00:00-05:00,85.69999694824219,87.37999725341797,84.87999725341797,86.52999877929688,1691100,0.0,0.0
2025-01-13 00:00:00-05:00,86.04000091552734,91.51000213623047,85.73999786376953,91.51000213623047,2824600,0.0,0.0
2025-01-14 00:00:00-05:00,92.6500015258789,94.69999694824219,91.54000091552734,92.62999725341797,1890700,0.0,0.0
2025-01-15 00:00:00-05:00,94.66000366210938,96.75,94.08999633789062,95.1500015258789,2289000,0.0,0.0
2025-01-16 00:00:00-05:00,94.68000030517578,94.8499984741211,92.87999725341797,94.31999969482422,2082700,0.0,0.0
2025-01-17 00:00:00-05:00,95.41000366210938,99.06999969482422,95.20999908447266,97.48999786376953,2049500,0.0,0.0
2025-01-21 00:00:00-05:00,97.0999984741211,97.0999984741211,93.88999938964844,94.05000305175781,1921600,0.0,0.0
2025-01-22 00:00:00-05:00,93.41000366210938,93.5,90.20999908447266,90.25,2427200,0.0,0.0
2025-01-23 00:00:00-05:00,90.0,90.9000015258789,88.9000015258789,89.80000305175781,2775600,0.0,0.0
2025-01-24 00:00:00-05:00,90.83999633789062,91.41000366210938,88.47000122070312,88.76000213623047,2297500,0.0,0.0
2025-01-27 00:00:00-05:00,88.22000122070312,88.83000183105469,87.16999816894531,88.77999877929688,3132200,0.0,0.0
2025-01-28 00:00:00-05:00,88.20999908447266,88.36000061035156,85.12999725341797,85.9000015258789,1888400,0.0,0.0
2025-01-29 00:00:00-05:00,86.33000183105469,87.30000305175781,85.44999694824219,86.27999877929688,1678800,0.0,0.0
2025-01-30 00:00:00-05:00,87.11000061035156,87.19000244140625,84.9000015258789,85.6500015258789,1929700,0.0,0.0
2025-01-31 00:00:00-05:00,85.66999816894531,86.02999877929688,83.08000183105469,84.19000244140625,2786500,0.0,0.0
2025-02-03 00:00:00-05:00,81.51000213623047,82.27999877929688,79.66000366210938,80.44999694824219,3322000,0.0,0.0
2025-02-04 00:00:00-05:00,81.0999984741211,83.44999694824219,80.66999816894531,82.4800033569336,2446900,0.0,0.0
2025-02-05 00:00:00-05:00,80.01000213623047,81.75,79.05999755859375,79.87999725341797,2619500,0.0,0.0
2025-02-06 00:00:00-05:00,81.0,81.44999694824219,78.51000213623047,79.0,2240900,0.0,0.0
2025-02-07 00:00:00-05:00,79.0,79.20999908447266,76.69999694824219,77.37000274658203,2649700,0.0,0.0
2025-02-10 00:00:00-05:00,77.75,78.25,74.83999633789062,75.13999938964844,3077500,0.0,0.0
2025-02-11 00:00:00-05:00,73.41000366210938,75.80000305175781,72.87999725341797,75.69999694824219,3349100,0.0,0.0
2025-02-12 00:00:00-05:00,75.72000122070312,77.16000366210938,74.58000183105469,76.5999984741211,3431100,0.0,0.0
2025-02-13 00:00:00-05:00,79.9000015258789,83.02999877929688,74.94999694824219,79.25,5153700,0.0,0.0
2025-02-14 00:00:00-05:00,80.16000366210938,82.38999938964844,79.58999633789062,81.20999908447266,2744400,0.0,0.0
2025-02-18 00:00:00-05:00,80.5,84.11000061035156,79.36000061035156,83.58000183105469,2654800,0.0,0.0
2025-02-19 00:00:00-05:00,82.1500015258789,84.0,81.19999694824219,83.66999816894531,3143000,0.0,0.0
2025-02-20 00:00:00-05:00,83.30000305175781,84.7300033569336,81.9800033569336,82.51000213623047,1500900,0.0,0.0
2025-02-21 00:00:00-05:00,82.80999755859375,84.04000091552734,80.7699966430664,81.19999694824219,1677800,0.0,0.0
2025-02-24 00:00:00-05:00,80.86000061035156,82.25,79.69000244140625,81.02999877929688,1785600,0.0,0.0
2025-02-25 00:00:00-05:00,80.9000015258789,81.02999877929688,76.69000244140625,78.41999816894531,3200000,0.0,0.0
2025-02-26 00:00:00-05:00,78.9000015258789,79.1500015258789,77.01000213623047,77.52999877929688,2747500,0.0,0.0
2025-02-27 00:00:00-05:00,77.47000122070312,79.52999877929688,76.91999816894531,78.97000122070312,3499800,0.0,0.0
2025-02-28 00:00:00-05:00,77.37000274658203,78.0,75.70999908447266,77.02999877929688,2821800,0.0,0.0
2025-03-03 00:00:00-05:00,78.7699966430664,78.7699966430664,69.80999755859375,69.94999694824219,5055400,0.0,0.0
2025-03-04 00:00:00-05:00,69.0,74.16999816894531,67.2300033569336,72.16000366210938,3852200,0.0,0.0
2025-03-05 00:00:00-05:00,73.13999938964844,74.8499984741211,72.3499984741211,74.20999908447266,3400400,0.0,0.0
2025-03-06 00:00:00-05:00,72.7300033569336,76.9000015258789,72.7300033569336,76.4800033569336,3770300,0.0,0.0
